    epoch   elapsed                       val                 norm_grad
     0.00     0.000    6.9314718055915026e-01    1.6790287241954610e-01
     1.00     0.057    2.2461808072775352e-01    6.9470834717009211e-03
     2.00     0.112    2.1626167601107407e-01    6.9752831906018109e-03
     3.00     0.169    1.8209130980822880e-01    4.4865174082104886e-03
     4.00     0.226    1.6501993044473859e-01    1.9705601700497066e-03
     5.00     0.283    1.5988355730959508e-01    2.9263883556555070e-03
     6.00     0.340    1.5419921123709229e-01    1.9295876195586370e-03
     7.00     0.396    1.5091995111668813e-01    7.1915673537770175e-04
     8.00     0.453    1.4860551752497642e-01    6.9149259023459919e-04
     9.00     0.510    1.4664773418422675e-01    6.3111059596909769e-04
    10.00     0.567    1.4525191161915887e-01    6.0616976695593294e-04
    11.00     0.623    1.4411973280128959e-01    5.9399717912023142e-04
    12.00     0.681    1.4312792863593440e-01    5.8614035874771098e-04
    13.00     0.738    1.4226564333192193e-01    5.6857069116134085e-04
    14.00     0.794    1.4149309053034179e-01    5.4770611277743519e-04
    15.00     0.850    1.4079216498505673e-01    5.2893315725732748e-04
    16.00     0.906    1.4015378197237394e-01    5.1564948456661597e-04
    17.00     0.963    1.3957115450380761e-01    5.0223367656032636e-04
    18.00     1.019    1.3903418327069827e-01    4.8843331411996260e-04
    19.00     1.075    1.3853659782479083e-01    4.7458487180485065e-04
    20.00     1.135    1.3807341290741951e-01    4.6246618942014095e-04
    21.00     1.190    1.3764075825321037e-01    4.5106187486121385e-04
    22.00     1.247    1.3723524457585637e-01    4.4021927536608274e-04
    23.00     1.303    1.3685520553643354e-01    4.3100498183878955e-04
    24.00     1.360    1.3649623713075232e-01    4.2121459182853371e-04
    25.00     1.417    1.3615656053022918e-01    4.1146438480366143e-04
    26.00     1.474    1.3583479363746390e-01    4.0246038609303980e-04
    27.00     1.531    1.3553031479319785e-01    3.9491561091065108e-04
    28.00     1.587    1.3524081698836762e-01    3.8678128647529064e-04
    29.00     1.644    1.3496535866188725e-01    3.7904704733415784e-04
    30.00     1.701    1.3470277222785620e-01    3.7205453442057390e-04
    31.00     1.758    1.3445253913390129e-01    3.6528321915740847e-04
    32.00     1.814    1.3421390496521599e-01    3.5835790046778726e-04
    33.00     1.870    1.3398534788136027e-01    3.5191577172755117e-04
    34.00     1.927    1.3376613749191513e-01    3.4610728199435670e-04
    35.00     1.984    1.3355589163147688e-01    3.4050427580334386e-04
    36.00     2.040    1.3335396315541606e-01    3.3482829774023060e-04
    37.00     2.097    1.3315979774119954e-01    3.2968208458061810e-04
    38.00     2.152    1.3297280326022434e-01    3.2445039424322530e-04
    39.00     2.209    1.3279249351822908e-01    3.1919265676405573e-04
    40.00     2.265    1.3261865381546981e-01    3.1480341263501188e-04
    41.00     2.322    1.3245089193562518e-01    3.1022434002148103e-04
    42.00     2.378    1.3228879888419542e-01    3.0540697551684204e-04
    43.00     2.435    1.3213234392430717e-01    3.0121615284661729e-04
    44.00     2.491    1.3198086425898142e-01    2.9662275363229185e-04
    45.00     2.553    1.3183434563824328e-01    2.9297841455644402e-04
    46.00     2.609    1.3169231569624540e-01    2.8918456444859686e-04
    47.00     2.666    1.3155463231618475e-01    2.8535667590734448e-04
    48.00     2.722    1.3142126020683806e-01    2.8165862527984586e-04
    49.00     2.778    1.3129173980397277e-01    2.7784445469691832e-04
    50.00     2.834    1.3116601193219482e-01    2.7404299841116142e-04
    51.00     2.891    1.3104397233892723e-01    2.7056783184065125e-04
    52.00     2.947    1.3092532727994810e-01    2.6723022148722464e-04
    53.00     3.004    1.3080984915568533e-01    2.6383703222609967e-04
    54.00     3.061    1.3069738346434906e-01    2.6009701069718005e-04
    55.00     3.117    1.3058798200044747e-01    2.5672300378687396e-04
    56.00     3.173    1.3048147982752978e-01    2.5393574565146793e-04
    57.00     3.229    1.3037773485939985e-01    2.5111771500263558e-04
    58.00     3.285    1.3027694186246055e-01    2.4825006540396544e-04
    59.00     3.342    1.3017872196584609e-01    2.4527639052074335e-04
    60.00     3.397    1.3008280185824037e-01    2.4225608544714561e-04
    61.00     3.454    1.2998911603381472e-01    2.3921365950840823e-04
    62.00     3.510    1.2989768572681698e-01    2.3644341948259040e-04
    63.00     3.567    1.2980846969834692e-01    2.3381984833203973e-04
    64.00     3.624    1.2972144366545246e-01    2.3117506195813320e-04
    65.00     3.679    1.2963639570105029e-01    2.2870884656622792e-04
    66.00     3.735    1.2955324669280163e-01    2.2625759668937206e-04
    67.00     3.791    1.2947193593900422e-01    2.2371301648060893e-04
    68.00     3.847    1.2939241345154531e-01    2.2134877616863946e-04
    69.00     3.903    1.2931458359752426e-01    2.1902190916645026e-04
    70.00     3.965    1.2923846780486231e-01    2.1691552421998495e-04
    71.00     4.021    1.2916392692773687e-01    2.1465571121215277e-04
    72.00     4.077    1.2909093551464060e-01    2.1242798542608909e-04
    73.00     4.133    1.2901945744773330e-01    2.1031556898787329e-04
    74.00     4.189    1.2894935334525778e-01    2.0815383247096975e-04
    75.00     4.244    1.2888074113620940e-01    2.0620247844949091e-04
    76.00     4.301    1.2881353191136477e-01    2.0431671666631956e-04
    77.00     4.357    1.2874758624801974e-01    2.0225811288820950e-04
    78.00     4.413    1.2868294402280064e-01    2.0023444775940646e-04
    79.00     4.470    1.2861951829163831e-01    1.9837128705724183e-04
    80.00     4.525    1.2855729231326574e-01    1.9668816940665579e-04
    81.00     4.581    1.2849626970198708e-01    1.9491714651564962e-04
    82.00     4.637    1.2843633206317723e-01    1.9296235223897895e-04
    83.00     4.694    1.2837753663767029e-01    1.9115394001012476e-04
    84.00     4.750    1.2831979027533874e-01    1.8913182146462759e-04
    85.00     4.805    1.2826312165733433e-01    1.8716728213608036e-04
    86.00     4.861    1.2820759567959786e-01    1.8530422727103257e-04
    87.00     4.918    1.2815308218832128e-01    1.8346857386042359e-04
    88.00     4.974    1.2809954955065173e-01    1.8186204310399745e-04
    89.00     5.030    1.2804693371076645e-01    1.8021388045408315e-04
    90.00     5.086    1.2799524412015312e-01    1.7872532221208104e-04
    91.00     5.141    1.2794443394588986e-01    1.7721741677512171e-04
    92.00     5.197    1.2789443873594250e-01    1.7559264910627093e-04
    93.00     5.254    1.2784528829087927e-01    1.7404681876875827e-04
    94.00     5.310    1.2779694473543507e-01    1.7254513048925446e-04
    95.01     5.370    1.2774939029770077e-01    1.7099298559664078e-04
    96.01     5.426    1.2770261273549352e-01    1.6947801947786445e-04
    97.01     5.482    1.2765655487135205e-01    1.6794526768570961e-04
    98.01     5.538    1.2761126539390558e-01    1.6662868184091906e-04
    99.01     5.594    1.2756668296079882e-01    1.6528962467798891e-04
   100.01     5.651    1.2752279590527427e-01    1.6386938109391735e-04
   101.01     5.707    1.2747957324751449e-01    1.6251916432619140e-04
   102.01     5.762    1.2743700391378587e-01    1.6116832153123539e-04
   103.01     5.819    1.2739505629347628e-01    1.5978759650536745e-04
   104.01     5.875    1.2735373419751925e-01    1.5881522820571092e-04
   105.01     5.930    1.2731304662713139e-01    1.5799890530754368e-04
   106.01     5.986    1.2727294877728676e-01    1.5719400170599584e-04
   107.01     6.043    1.2723340049495624e-01    1.5637147483271718e-04
   108.01     6.098    1.2719442228601902e-01    1.5557555608403106e-04
   109.01     6.155    1.2715602295330544e-01    1.5482615820605616e-04
   110.01     6.211    1.2711814730977966e-01    1.5407086382523971e-04
   111.01     6.267    1.2708077920158414e-01    1.5329776177530618e-04
   112.01     6.322    1.2704389851585818e-01    1.5251571091035032e-04
   113.01     6.378    1.2700753359142111e-01    1.5176079896583872e-04
   114.01     6.435    1.2697170718227341e-01    1.5103315662301497e-04
   115.01     6.491    1.2693634832043277e-01    1.5029928390930536e-04
   116.01     6.547    1.2690145132017855e-01    1.4955002493888259e-04
   117.01     6.603    1.2686698914469238e-01    1.4879401247647195e-04
   118.01     6.659    1.2683297795638532e-01    1.4805235757187063e-04
   119.01     6.715    1.2679940079115740e-01    1.4732139656015164e-04
   120.01     6.776    1.2676625502228617e-01    1.4657689971553367e-04
   121.01     6.833    1.2673351485109113e-01    1.4584330441635984e-04
   122.01     6.890    1.2670116552377739e-01    1.4513482077749273e-04
   123.01     6.947    1.2666923444141012e-01    1.4444694737925090e-04
   124.01     7.003    1.2663769327658786e-01    1.4375488144136028e-04
   125.01     7.058    1.2660654402609559e-01    1.4307058950890905e-04
   126.01     7.115    1.2657578063204397e-01    1.4238147504563869e-04
   127.01     7.171    1.2654538787820960e-01    1.4170214072084519e-04
   128.01     7.228    1.2651534691507657e-01    1.4101220691919991e-04
   129.01     7.284    1.2648563961028486e-01    1.4031107798295750e-04
   130.01     7.340    1.2645631645641889e-01    1.3966521360853079e-04
   131.01     7.397    1.2642736047613143e-01    1.3905963591653858e-04
   132.01     7.453    1.2639874034637419e-01    1.3842698605959214e-04
   133.01     7.509    1.2637045129406263e-01    1.3777386760782662e-04
   134.01     7.564    1.2634274173432042e-01    1.3710443925862847e-04
   135.01     7.621    1.2631542036070686e-01    1.3646132512956655e-04
   136.01     7.677    1.2628842679913052e-01    1.3587088160438299e-04
   137.01     7.734    1.2626173334030608e-01    1.3525988477347539e-04
   138.01     7.790    1.2623534687773982e-01    1.3463938768421002e-04
   139.01     7.846    1.2620925360208543e-01    1.3401917251076867e-04
   140.01     7.902    1.2618346500996649e-01    1.3343120818287701e-04
   141.01     7.958    1.2615795607394237e-01    1.3284912244593272e-04
   142.01     8.014    1.2613272401324008e-01    1.3225153484253127e-04
   143.01     8.070    1.2610777223928923e-01    1.3165458105568462e-04
   144.01     8.126    1.2608309315251739e-01    1.3107186400418414e-04
   145.01     8.187    1.2605867958984704e-01    1.3049644787521686e-04
   146.01     8.242    1.2603452863312520e-01    1.2991637776238463e-04
   147.01     8.298    1.2601062051477549e-01    1.2931538716021151e-04
   148.01     8.355    1.2598695946797728e-01    1.2872819970422000e-04
   149.01     8.410    1.2596356059807429e-01    1.2815324185400101e-04
   150.01     8.466    1.2594039917234640e-01    1.2757147284769843e-04
   151.01     8.522    1.2591746666630560e-01    1.2697056665444961e-04
   152.01     8.579    1.2589479246695695e-01    1.2641495034060313e-04
   153.01     8.636    1.2587245808051253e-01    1.2589719062994220e-04
   154.01     8.692    1.2585039406333590e-01    1.2535247153167006e-04
   155.01     8.748    1.2582855921420566e-01    1.2481862961610801e-04
   156.01     8.803    1.2580693912435259e-01    1.2428573849643243e-04
   157.01     8.859    1.2578552298648471e-01    1.2375050082447103e-04
   158.01     8.915    1.2576431917473907e-01    1.2321800071646294e-04
   159.01     8.971    1.2574332752225142e-01    1.2270290022620145e-04
   160.01     9.028    1.2572253942754505e-01    1.2217582049345310e-04
   161.01     9.084    1.2570195591257002e-01    1.2164441498985212e-04
   162.01     9.140    1.2568157880840197e-01    1.2112917207218743e-04
   163.01     9.196    1.2566139909203597e-01    1.2062724758710175e-04
   164.01     9.252    1.2564142157479649e-01    1.2012799975380517e-04
   165.01     9.308    1.2562163085115075e-01    1.1962599558668074e-04
   166.01     9.364    1.2560201932761858e-01    1.1912487580278963e-04
   167.01     9.420    1.2558259240417866e-01    1.1861617044939265e-04
   168.01     9.476    1.2556334795139151e-01    1.1812281482548315e-04
   169.01     9.532    1.2554428547517368e-01    1.1763253573970900e-04
   170.01     9.590    1.2552539713098715e-01    1.1712420868281725e-04
   171.01     9.646    1.2550668623708969e-01    1.1663632750380515e-04
   172.01     9.703    1.2548814107407832e-01    1.1614500147860696e-04
   173.01     9.758    1.2546975518851197e-01    1.1563889003962657e-04
   174.01     9.815    1.2545153637850673e-01    1.1515220480351473e-04
   175.01     9.871    1.2543348024643181e-01    1.1466206064092432e-04
   176.01     9.928    1.2541558955219367e-01    1.1417660673718188e-04
   177.01     9.984    1.2539785536667536e-01    1.1370182205450163e-04
   178.01    10.040    1.2538027958300607e-01    1.1322896110765868e-04
   179.01    10.096    1.2536285639572634e-01    1.1276051452124847e-04
   180.01    10.152    1.2534558184580422e-01    1.1229292910197586e-04
   181.01    10.209    1.2532846560948446e-01    1.1184646645823193e-04
   182.01    10.266    1.2531149063162983e-01    1.1139473663845934e-04
   183.01    10.321    1.2529466127315217e-01    1.1093535041784008e-04
   184.01    10.377    1.2527799212424348e-01    1.1045393515907165e-04
   185.01    10.432    1.2526148492152747e-01    1.0996896486314967e-04
   186.01    10.489    1.2524512059343890e-01    1.0949477203858748e-04
   187.01    10.546    1.2522889127438491e-01    1.0901844330835075e-04
   188.01    10.602    1.2521279612829317e-01    1.0854302299456720e-04
   189.01    10.658    1.2519683577475962e-01    1.0806661538875773e-04
   190.01    10.713    1.2518101527676143e-01    1.0759470501398027e-04
   191.01    10.770    1.2516531916708495e-01    1.0711741860358615e-04
   192.01    10.826    1.2514975343058052e-01    1.0665165899848006e-04
   193.01    10.881    1.2513430584769400e-01    1.0619358130981027e-04
   194.01    10.937    1.2511898055762888e-01    1.0573502685051750e-04
   195.01    10.993    1.2510378759346144e-01    1.0528425433875555e-04
   196.01    11.049    1.2508872073130800e-01    1.0483004401429241e-04
   197.01    11.106    1.2507377312996429e-01    1.0437983264122153e-04
   198.01    11.161    1.2505894138870588e-01    1.0392508740064699e-04
   199.01    11.217    1.2504422901042081e-01    1.0346760513790798e-04
   200.01    11.273    1.2502962978943302e-01    1.0302225052161162e-04
   201.01    11.329    1.2501514595566890e-01    1.0258455608536110e-04
   202.01    11.385    1.2500077697832995e-01    1.0213919677770633e-04
   203.01    11.441    1.2498652567613860e-01    1.0172111486106417e-04
   204.01    11.497    1.2497239780669085e-01    1.0130254807894090e-04
   205.01    11.553    1.2495839194285017e-01    1.0088191312807027e-04
   206.01    11.610    1.2494449910048150e-01    1.0047557236525506e-04
   207.01    11.666    1.2493070920287022e-01    1.0006949524399289e-04
   208.01    11.722    1.2491702455968004e-01    9.9649263060719306e-05
   209.01    11.778    1.2490344859467292e-01    9.9240287827484508e-05
   210.01    11.834    1.2488997344530789e-01    9.8831777105345964e-05
   211.01    11.890    1.2487659799226053e-01    9.8426249631522467e-05
   212.01    11.947    1.2486332293457485e-01    9.8026944658435866e-05
   213.01    12.003    1.2485014822496375e-01    9.7619250002622948e-05
   214.01    12.059    1.2483706905329728e-01    9.7214562459591036e-05
   215.01    12.114    1.2482409489049547e-01    9.6823774718757250e-05
   216.01    12.170    1.2481121299163379e-01    9.6417838607365525e-05
   217.01    12.226    1.2479842004031239e-01    9.5998018082354974e-05
   218.01    12.283    1.2478572341062823e-01    9.5608836534033514e-05
   219.01    12.339    1.2477312148964219e-01    9.5222393012406314e-05
   220.01    12.396    1.2476061166613442e-01    9.4836569672906990e-05
   221.01    12.452    1.2474819276055306e-01    9.4454697045165403e-05
   222.01    12.509    1.2473586391563847e-01    9.4084160394025673e-05
   223.01    12.565    1.2472362399884271e-01    9.3701466379769727e-05
   224.01    12.621    1.2471146733569750e-01    9.3314354344897765e-05
   225.01    12.678    1.2469939065856790e-01    9.2924182458986593e-05
   226.01    12.733    1.2468740498950026e-01    9.2542993825439623e-05
   227.01    12.789    1.2467549693065319e-01    9.2149497008087167e-05
   228.01    12.846    1.2466367892592083e-01    9.1773891724322709e-05
   229.01    12.902    1.2465194703614325e-01    9.1422143380981424e-05
   230.01    12.958    1.2464029710092719e-01    9.1056131489075653e-05
   231.01    13.013    1.2462872943706635e-01    9.0702150041366281e-05
   232.01    13.069    1.2461723983112238e-01    9.0350305174347056e-05
   233.01    13.125    1.2460583055566186e-01    8.9989044236737925e-05
   234.01    13.181    1.2459449819000017e-01    8.9634238028324376e-05
   235.01    13.238    1.2458323980089497e-01    8.9275926337784028e-05
   236.01    13.293    1.2457205557018335e-01    8.8919770295348144e-05
   237.01    13.349    1.2456094209164560e-01    8.8551170201789375e-05
   238.01    13.405    1.2454990498004180e-01    8.8200108929292753e-05
   239.01    13.462    1.2453894585192778e-01    8.7871940368522417e-05
   240.01    13.518    1.2452806088630165e-01    8.7536414557831677e-05
   241.01    13.576    1.2451724735109958e-01    8.7191165708766505e-05
   242.01    13.632    1.2450650929012551e-01    8.6845062071461143e-05
   243.01    13.689    1.2449584339817844e-01    8.6504640286477752e-05
   244.01    13.747    1.2448525013888039e-01    8.6179433180788578e-05
   245.01    13.803    1.2447472274909938e-01    8.5841275550002649e-05
   246.01    13.860    1.2446426219804824e-01    8.5501300395307567e-05
   247.01    13.916    1.2445387235524460e-01    8.5164643883750557e-05
   248.01    13.972    1.2444354847207545e-01    8.4823739263661935e-05
   249.01    14.028    1.2443329120222953e-01    8.4494452210037707e-05
   250.01    14.083    1.2442309626867716e-01    8.4157049907496173e-05
   251.01    14.139    1.2441297174523769e-01    8.3829700260551476e-05
   252.01    14.195    1.2440291343780105e-01    8.3517188953941002e-05
   253.01    14.252    1.2439291932376102e-01    8.3201427161228025e-05
   254.01    14.308    1.2438298807736282e-01    8.2884832281138188e-05
   255.01    14.364    1.2437312058011331e-01    8.2567719752901780e-05
   256.01    14.420    1.2436331531096650e-01    8.2252705676744142e-05
   257.01    14.476    1.2435357176253126e-01    8.1943242017601392e-05
   258.01    14.531    1.2434388772077792e-01    8.1628186575422035e-05
   259.01    14.587    1.2433426492985772e-01    8.1321740291073752e-05
   260.01    14.643    1.2432470184382821e-01    8.1015163650555166e-05
   261.01    14.699    1.2431520231797685e-01    8.0703137500748312e-05
   262.01    14.755    1.2430576393065056e-01    8.0394709600639658e-05
   263.01    14.811    1.2429638665892291e-01    8.0085585738132181e-05
   264.01    14.868    1.2428708737001726e-01    7.9798598127567288e-05
   265.01    14.923    1.2427785515779845e-01    7.9727726649103658e-05
   266.01    14.979    1.2426869105790124e-01    7.9660934668268624e-05
   267.01    15.035    1.2425959022084063e-01    7.9594775290736663e-05
   268.01    15.091    1.2425054701020997e-01    7.9525189756068926e-05
   269.01    15.150    1.2424156147745440e-01    7.9454194176875603e-05
   270.01    15.205    1.2423263752557846e-01    7.9384398103066189e-05
   271.01    15.261    1.2422377119780202e-01    7.9314525685880710e-05
   272.01    15.318    1.2421496111058972e-01    7.9244254921562174e-05
   273.01    15.374    1.2420620569121880e-01    7.9174439965079557e-05
   274.01    15.430    1.2419750589492720e-01    7.9104112771233304e-05
   275.01    15.485    1.2418885956850345e-01    7.9032781032495336e-05
   276.01    15.542    1.2418026149816140e-01    7.8959811649070843e-05
   277.01    15.598    1.2417171760000863e-01    7.8887403861749306e-05
   278.01    15.655    1.2416322735145842e-01    7.8816923185343057e-05
   279.01    15.711    1.2415478815929241e-01    7.8745819275027884e-05
   280.01    15.768    1.2414639933216440e-01    7.8675273725181682e-05
   281.01    15.825    1.2413805958894085e-01    7.8604081999777975e-05
   282.01    15.881    1.2412976954264858e-01    7.8533357333654408e-05
   283.01    15.938    1.2412152580030769e-01    7.8460779000977254e-05
   284.01    15.993    1.2411333363696588e-01    7.8389779798904158e-05
   285.01    16.049    1.2410519163182025e-01    7.8318515398301258e-05
   286.01    16.105    1.2409709504131702e-01    7.8247244434059837e-05
   287.01    16.161    1.2408905216157651e-01    7.8176892543524446e-05
   288.01    16.218    1.2408105580586837e-01    7.8105899894431730e-05
   289.01    16.274    1.2407310511638116e-01    7.8034564714002386e-05
   290.01    16.330    1.2406520046918060e-01    7.7961866638887045e-05
   291.01    16.385    1.2405734108918413e-01    7.7889298917277472e-05
   292.01    16.442    1.2404952740346939e-01    7.7816408436071072e-05
   293.01    16.498    1.2404175863271368e-01    7.7743054875512030e-05
   294.01    16.560    1.2403403293604581e-01    7.7670291991793761e-05
   295.01    16.615    1.2402635473845965e-01    7.7598708231541025e-05
   296.01    16.671    1.2401871888675529e-01    7.7527217513306823e-05
   297.01    16.727    1.2401112667623647e-01    7.7454368963891795e-05
   298.01    16.783    1.2400357488560837e-01    7.7380418216144164e-05
   299.01    16.839    1.2399606600215385e-01    7.7307746110477638e-05
   300.01    16.896    1.2398860106057523e-01    7.7236521285328763e-05
   301.01    16.951    1.2398117857733909e-01    7.7163714815142725e-05
   302.01    17.007    1.2397379697785761e-01    7.7090351008557434e-05
   303.01    17.064    1.2396645279914630e-01    7.7016222308934346e-05
   304.01    17.120    1.2395915176277758e-01    7.6942799537071949e-05
   305.01    17.177    1.2395189042101591e-01    7.6869525746481315e-05
   306.01    17.233    1.2394467127798363e-01    7.6796545871893329e-05
   307.01    17.289    1.2393749131228522e-01    7.6724170069653042e-05
   308.01    17.345    1.2393034979763796e-01    7.6650079972040430e-05
   309.01    17.401    1.2392324677454156e-01    7.6574557165365320e-05
   310.01    17.457    1.2391617993392655e-01    7.6499945517838341e-05
   311.01    17.513    1.2390915608794779e-01    7.6427264710687837e-05
   312.01    17.570    1.2390217064026567e-01    7.6353909206794413e-05
   313.01    17.625    1.2389522254087267e-01    7.6279997249351084e-05
   314.01    17.682    1.2388831112861161e-01    7.6205433185982940e-05
   315.01    17.738    1.2388143724999565e-01    7.6130022946152565e-05
   316.01    17.794    1.2387459893802096e-01    7.6054642364375979e-05
   317.01    17.850    1.2386779536711721e-01    7.5977656328163334e-05
   318.01    17.906    1.2386102982276335e-01    7.5902517036041672e-05
   319.01    17.969    1.2385429822970236e-01    7.5827935068772945e-05
   320.01    18.025    1.2384760179796149e-01    7.5751322187400660e-05
   321.01    18.082    1.2384094241466642e-01    7.5676483203501732e-05
   322.01    18.138    1.2383431653380396e-01    7.5600582642110226e-05
   323.01    18.194    1.2382772667079830e-01    7.5525315031299556e-05
   324.01    18.250    1.2382117152872990e-01    7.5450519913644598e-05
   325.01    18.307    1.2381465111737798e-01    7.5375368198571380e-05
   326.01    18.363    1.2380816563844553e-01    7.5299731715716689e-05
   327.01    18.419    1.2380171484111963e-01    7.5223577378658035e-05
   328.01    18.476    1.2379529811390071e-01    7.5147862119706588e-05
   329.01    18.533    1.2378891266700021e-01    7.5070107906860528e-05
   330.01    18.589    1.2378255883154371e-01    7.4992403408913333e-05
   331.01    18.645    1.2377623690891776e-01    7.4914352353516733e-05
   332.01    18.702    1.2376994685611613e-01    7.4836830773250540e-05
   333.01    18.759    1.2376368945829512e-01    7.4760293050424309e-05
   334.01    18.815    1.2375746379264255e-01    7.4684362268762072e-05
   335.01    18.872    1.2375127070377842e-01    7.4607478790511550e-05
   336.01    18.928    1.2374510951058421e-01    7.4528316897470859e-05
   337.02    18.985    1.2373897826226649e-01    7.4448829249895709e-05
   338.02    19.041    1.2373287498265845e-01    7.4368002114688636e-05
   339.02    19.098    1.2372680439092310e-01    7.4288597763150221e-05
   340.02    19.153    1.2372076172687579e-01    7.4208156233268596e-05
   341.02    19.209    1.2371475292046501e-01    7.4132091287815172e-05
   342.02    19.265    1.2370877608989540e-01    7.4055088856717077e-05
   343.02    19.321    1.2370282923733668e-01    7.3976927457586328e-05
   344.02    19.378    1.2369691344899307e-01    7.3898545115191894e-05
   345.02    19.433    1.2369102683801608e-01    7.3820098569932213e-05
   346.02    19.489    1.2368516946297139e-01    7.3741398455062779e-05
   347.02    19.546    1.2367934013263331e-01    7.3662258326834262e-05
   348.02    19.602    1.2367354424061348e-01    7.3583229057483379e-05
   349.02    19.659    1.2366777880478107e-01    7.3504339795249507e-05
   350.02    19.714    1.2366204183133159e-01    7.3425588630549044e-05
   351.02    19.770    1.2365633260829008e-01    7.3346009002328572e-05
   352.02    19.826    1.2365065082879553e-01    7.3265841624703398e-05
   353.02    19.882    1.2364499583151473e-01    7.3186449856876834e-05
   354.02    19.939    1.2363936848490983e-01    7.3105584666777190e-05
   355.02    19.995    1.2363377220264245e-01    7.3024819967848487e-05
   356.02    20.052    1.2362820471134174e-01    7.2943596481245265e-05
   357.02    20.108    1.2362266534175595e-01    7.2864144446960211e-05
   358.02    20.164    1.2361715412806207e-01    7.2785408125497497e-05
   359.02    20.221    1.2361166662587905e-01    7.2704764238373798e-05
   360.02    20.276    1.2360620394660723e-01    7.2623440579455689e-05
   361.02    20.333    1.2360076940981621e-01    7.2542401072794860e-05
   362.02    20.388    1.2359536132181698e-01    7.2461918307453743e-05
   363.02    20.445    1.2358997988443474e-01    7.2382595009301554e-05
   364.02    20.502    1.2358462459165756e-01    7.2302153470538144e-05
   365.02    20.558    1.2357929261276572e-01    7.2218875740048816e-05
   366.02    20.615    1.2357398698898431e-01    7.2135646523641128e-05
   367.02    20.670    1.2356870616820244e-01    7.2054529501208719e-05
   368.02    20.727    1.2356344932113592e-01    7.1972637439188247e-05
   369.02    20.784    1.2355821730014338e-01    7.1890365068938422e-05
   370.02    20.841    1.2355300980088443e-01    7.1807956557812247e-05
   371.02    20.897    1.2354782765750778e-01    7.1726357681711761e-05
   372.02    20.953    1.2354266968303312e-01    7.1644308114571231e-05
   373.02    21.009    1.2353753494318982e-01    7.1561740543124586e-05
   374.02    21.064    1.2353242268571672e-01    7.1480190428019341e-05
   375.02    21.121    1.2352733703515266e-01    7.1401620370892260e-05
   376.02    21.177    1.2352227392845334e-01    7.1319224555388416e-05
   377.02    21.234    1.2351723482778633e-01    7.1234919873930380e-05
   378.02    21.290    1.2351221857684538e-01    7.1151264141811055e-05
   379.02    21.347    1.2350722503574726e-01    7.1067666030266707e-05
   380.02    21.403    1.2350225394647249e-01    7.0984990315103857e-05
   381.02    21.459    1.2349730408626206e-01    7.0901146632884604e-05
   382.02    21.515    1.2349237812303981e-01    7.0817210311879819e-05
   383.02    21.571    1.2348747344424707e-01    7.0732121978167584e-05
   384.02    21.627    1.2348259177020822e-01    7.0650148922268841e-05
   385.02    21.683    1.2347773451772058e-01    7.0566603464605748e-05
   386.02    21.740    1.2347292441397036e-01    7.0484477931564982e-05
   387.02    21.796    1.2346813677736518e-01    7.0402413279602172e-05
   388.02    21.853    1.2346336943597618e-01    7.0319043603994658e-05
   389.02    21.908    1.2345862359139291e-01    7.0234226780208076e-05
   390.02    21.965    1.2345389818785120e-01    7.0150868388019205e-05
   391.02    22.021    1.2344919587991383e-01    7.0067983983790327e-05
   392.02    22.078    1.2344451354917986e-01    6.9983229049164208e-05
   393.02    22.134    1.2343985159210923e-01    6.9897901176396715e-05
   394.02    22.190    1.2343521138268694e-01    6.9812784710521214e-05
   395.02    22.247    1.2343059223745503e-01    6.9728295971849263e-05
   396.02    22.303    1.2342599362057934e-01    6.9644215990649627e-05
   397.02    22.359    1.2342141559067391e-01    6.9559901077376196e-05
   398.02    22.416    1.2341685757653460e-01    6.9474748059406011e-05
   399.02    22.472    1.2341231963382049e-01    6.9390313912620627e-05
   400.02    22.529    1.2340780222160735e-01    6.9305800177943411e-05
   401.02    22.585    1.2340330371176120e-01    6.9221783834727546e-05
   402.02    22.641    1.2339882457716307e-01    6.9136308109563060e-05
   403.02    22.698    1.2339436606236595e-01    6.9051544305587242e-05
   404.02    22.753    1.2338992558175603e-01    6.8966184320728985e-05
   405.02    22.810    1.2338550598452562e-01    6.8882497039624013e-05
   406.02    22.865    1.2338110570587903e-01    6.8797448362190039e-05
   407.02    22.922    1.2337672260554490e-01    6.8711606555638127e-05
   408.02    22.978    1.2337236084265288e-01    6.8626598909382608e-05
   409.02    23.035    1.2336801648320504e-01    6.8539877547735273e-05
   410.02    23.092    1.2336369132623312e-01    6.8453251207856169e-05
   411.02    23.148    1.2335938591453785e-01    6.8369171513538163e-05
   412.02    23.204    1.2335509826835302e-01    6.8283316207562450e-05
   413.02    23.261    1.2335082892942670e-01    6.8196903176165335e-05
   414.02    23.317    1.2334657747843279e-01    6.8109996084864122e-05
   415.02    23.373    1.2334234503939909e-01    6.8023031523090083e-05
   416.02    23.428    1.2333812965752823e-01    6.7934177788941952e-05
   417.02    23.485    1.2333393223222541e-01    6.7847416389099635e-05
   418.02    23.541    1.2332975455769113e-01    6.7763051329272628e-05
   419.02    23.597    1.2332559476666198e-01    6.7676992509646539e-05
   420.02    23.653    1.2332145109262869e-01    6.7589978402615714e-05
   421.02    23.708    1.2331732539427967e-01    6.7504196495704605e-05
   422.02    23.765    1.2331321740608191e-01    6.7419123136680525e-05
   423.02    23.821    1.2330912691679996e-01    6.7333401957192507e-05
   424.02    23.878    1.2330505407205680e-01    6.7246553245858820e-05
   425.02    23.933    1.2330099768552528e-01    6.7159889687751217e-05
   426.02    23.989    1.2329695811293766e-01    6.7074468515393448e-05
   427.02    24.045    1.2329293615222958e-01    6.6988477127161161e-05
   428.02    24.101    1.2328893159349426e-01    6.6902751654218662e-05
   429.02    24.158    1.2328494369985329e-01    6.6816326035556983e-05
   430.02    24.213    1.2328097238688529e-01    6.6729984641078488e-05
   431.02    24.270    1.2327701699338953e-01    6.6644068244414711e-05
   432.02    24.326    1.2327307928284839e-01    6.6558702522812041e-05
   433.02    24.382    1.2326915838042307e-01    6.6472805942296986e-05
   434.02    24.439    1.2326525308074998e-01    6.6386884964408921e-05
   435.02    24.495    1.2326136418967833e-01    6.6299445760975573e-05
   436.02    24.551    1.2325749156507820e-01    6.6212421672595667e-05
   437.02    24.607    1.2325363468642830e-01    6.6126093198448643e-05
   438.02    24.663    1.2324979276944346e-01    6.6038554814795702e-05
   439.02    24.719    1.2324596665226087e-01    6.5951618870130346e-05
   440.02    24.776    1.2324215687481738e-01    6.5866269564729407e-05
   441.02    24.833    1.2323836265365340e-01    6.5780656933078774e-05
   442.02    24.888    1.2323458365526745e-01    6.5693567540492381e-05
   443.02    24.945    1.2323082057388000e-01    6.5607692479652258e-05
   444.02    25.001    1.2322707255682827e-01    6.5520692502651912e-05
   445.02    25.057    1.2322333989545398e-01    6.5434560315047463e-05
   446.02    25.114    1.2321962222950823e-01    6.5347706486029722e-05
   447.02    25.170    1.2321592005937416e-01    6.5260781918929922e-05
   448.02    25.226    1.2321223295119040e-01    6.5173594899547993e-05
   449.02    25.283    1.2320856001575295e-01    6.5088034675753192e-05
   450.02    25.339    1.2320490233075854e-01    6.5000833844308659e-05
   451.02    25.395    1.2320126023546057e-01    6.4914236527435776e-05
   452.02    25.451    1.2319763230495015e-01    6.4827144210966026e-05
   453.02    25.507    1.2319401961802964e-01    6.4740350118164258e-05
   454.02    25.564    1.2319042011422046e-01    6.4652252108388097e-05
   455.02    25.620    1.2318683494823010e-01    6.4563972715703244e-05
   456.02    25.676    1.2318326484294262e-01    6.4477407470064918e-05
   457.02    25.732    1.2317970828513795e-01    6.4389908509987492e-05
   458.02    25.789    1.2317616569180689e-01    6.4300809669681769e-05
   459.02    25.845    1.2317263572476897e-01    6.4210569318490229e-05
   460.02    25.902    1.2316912003618409e-01    6.4120953241264544e-05
   461.02    25.958    1.2316561939146589e-01    6.4034221621156462e-05
   462.02    26.014    1.2316213220479039e-01    6.3947094697702767e-05
   463.02    26.071    1.2315865986846652e-01    6.3862745314224867e-05
   464.02    26.126    1.2315520041978868e-01    6.3777513184426482e-05
   465.02    26.182    1.2315175489107699e-01    6.3691214215566561e-05
   466.02    26.239    1.2314832328218434e-01    6.3604243272230576e-05
   467.02    26.295    1.2314490572831130e-01    6.3517562665538208e-05
   468.02    26.352    1.2314150135600235e-01    6.3429512402457533e-05
   469.02    26.408    1.2313810928979972e-01    6.3339594678524236e-05
   470.02    26.464    1.2313473081477881e-01    6.3252450859252463e-05
   471.02    26.521    1.2313136582809679e-01    6.3167670544039822e-05
   472.02    26.577    1.2312801400364320e-01    6.3080155589645415e-05
   473.02    26.634    1.2312467515826904e-01    6.2991770821696491e-05
   474.02    26.690    1.2312134861395213e-01    6.2903384754342540e-05
   475.02    26.746    1.2311803631438659e-01    6.2817497173739412e-05
   476.02    26.803    1.2311473639436567e-01    6.2732203502946504e-05
   477.02    26.859    1.2311144921383219e-01    6.2644538942890904e-05
   478.02    26.915    1.2310817438328071e-01    6.2556024206017469e-05
   479.02    26.971    1.2310491305590605e-01    6.2468981235852539e-05
   480.02    27.027    1.2310166375469880e-01    6.2382492321155780e-05
   481.02    27.084    1.2309842641121184e-01    6.2295672912604516e-05
   482.02    27.140    1.2309520149618489e-01    6.2207803315672550e-05
   483.02    27.197    1.2309198997347379e-01    6.2121376067203471e-05
   484.02    27.253    1.2308878949352674e-01    6.2033571019526335e-05
   485.02    27.310    1.2308560198603868e-01    6.1945365272819686e-05
   486.02    27.366    1.2308242707852847e-01    6.1857954613664390e-05
   487.02    27.422    1.2307926445421473e-01    6.1770783412740116e-05
   488.02    27.479    1.2307611391456028e-01    6.1685061950811360e-05
   489.02    27.536    1.2307297410418093e-01    6.1597604749330515e-05
   490.02    27.592    1.2306984663748048e-01    6.1508911595176130e-05
   491.02    27.649    1.2306673106123037e-01    6.1421356791768744e-05
   492.02    27.705    1.2306362642293328e-01    6.1333883817127344e-05
   493.02    27.763    1.2306053470089506e-01    6.1246617956811633e-05
   494.02    27.818    1.2305745422185667e-01    6.1160847054431144e-05
   495.02    27.875    1.2305438570133996e-01    6.1072817299390181e-05
   496.02    27.931    1.2305134099238904e-01    6.0984577888945068e-05
   497.02    27.987    1.2304831086976793e-01    6.0895924741011243e-05
   498.02    28.044    1.2304529314256561e-01    6.0810878185435513e-05
   499.02    28.100    1.2304228716511675e-01    6.0724886349561302e-05
   500.02    28.156    1.2303929254493592e-01    6.0638012643110528e-05
   501.02    28.213    1.2303630862427956e-01    6.0550616765020493e-05
   502.02    28.269    1.2303333535160293e-01    6.0463154196277458e-05
   503.02    28.324    1.2303037413807474e-01    6.0377509802478357e-05
   504.02    28.381    1.2302742309460166e-01    6.0291672927981210e-05
   505.02    28.437    1.2302448342014562e-01    6.0204535047070351e-05
   506.02    28.494    1.2302155519033790e-01    6.0117517356239603e-05
   507.02    28.550    1.2301863729527232e-01    6.0030179027670272e-05
   508.02    28.606    1.2301573054033091e-01    5.9942334369011974e-05
   509.02    28.663    1.2301283460455786e-01    5.9856484420528488e-05
   510.02    28.719    1.2300994992541835e-01    5.9770631366973248e-05
   511.02    28.775    1.2300707534840465e-01    5.9682308166664200e-05
   512.02    28.832    1.2300421125100250e-01    5.9593480277619904e-05
   513.02    28.888    1.2300135876336933e-01    5.9508172189914887e-05
   514.02    28.944    1.2299851601977192e-01    5.9421540848703103e-05
   515.02    29.001    1.2299568445825498e-01    5.9336764842043976e-05
   516.02    29.057    1.2299286349478357e-01    5.9249904681202281e-05
   517.02    29.114    1.2299005322518931e-01    5.9162793765388244e-05
   518.02    29.170    1.2298725182852313e-01    5.9074677642101392e-05
   519.02    29.226    1.2298446113287163e-01    5.8987223575890368e-05
   520.02    29.283    1.2298168061994605e-01    5.8900159990216139e-05
   521.02    29.339    1.2297891077645279e-01    5.8814712570409711e-05
   522.02    29.396    1.2297615101108433e-01    5.8729566190685034e-05
   523.02    29.453    1.2297340186851459e-01    5.8643297396798744e-05
   524.02    29.510    1.2297066302151188e-01    5.8557412590864999e-05
   525.02    29.566    1.2296793339216930e-01    5.8469501071023444e-05
   526.02    29.623    1.2296521395523327e-01    5.8383446832621644e-05
   527.02    29.680    1.2296250419194411e-01    5.8296666951562770e-05
   528.02    29.737    1.2295980415014710e-01    5.8210262978697358e-05
   529.02    29.794    1.2295711381789041e-01    5.8125023203459136e-05
   530.02    29.850    1.2295443267461620e-01    5.8037736350158298e-05
   531.02    29.906    1.2295176190851140e-01    5.7953172483138360e-05
   532.02    29.962    1.2294910059977576e-01    5.7866585533083992e-05
   533.02    30.019    1.2294644956685742e-01    5.7779924707013208e-05
   534.02    30.075    1.2294380774084664e-01    5.7693900532562736e-05
   535.02    30.132    1.2294117611505566e-01    5.7608338365433553e-05
   536.02    30.189    1.2293855408017440e-01    5.7523539243042876e-05
   537.02    30.245    1.2293594027235182e-01    5.7436226304830029e-05
   538.02    30.302    1.2293333655000764e-01    5.7349170760723212e-05
   539.02    30.358    1.2293074193138799e-01    5.7262086015974489e-05
   540.03    30.414    1.2292815576465639e-01    5.7174335664988973e-05
   541.03    30.471    1.2292558058342389e-01    5.7087782336928683e-05
   542.03    30.527    1.2292301721062474e-01    5.7002861305832653e-05
   543.03    30.582    1.2292046407688094e-01    5.6920774084368020e-05
   544.03    30.638    1.2291792039907597e-01    5.6835123780629715e-05
   545.03    30.694    1.2291538596802357e-01    5.6748418328034234e-05
   546.03    30.750    1.2291286024260054e-01    5.6661284070003148e-05
   547.03    30.805    1.2291034291904032e-01    5.6576206938885321e-05
   548.03    30.862    1.2290783512165082e-01    5.6491974290473479e-05
   549.03    30.918    1.2290533602311125e-01    5.6407253457457784e-05
   550.03    30.973    1.2290284614370509e-01    5.6320900520212547e-05
   551.03    31.030    1.2290036486059100e-01    5.6234502577190426e-05
   552.03    31.086    1.2289789215759728e-01    5.6148964474367347e-05
   553.03    31.142    1.2289542853104013e-01    5.6065100084268238e-05
   554.03    31.198    1.2289297337886405e-01    5.5980650460085712e-05
   555.03    31.254    1.2289052722782036e-01    5.5894275242884817e-05
   556.03    31.310    1.2288808904334361e-01    5.5807528842599652e-05
   557.03    31.366    1.2288565988418079e-01    5.5721938220898437e-05
   558.03    31.422    1.2288323938699980e-01    5.5637669849950555e-05
   559.03    31.479    1.2288082669572144e-01    5.5551405594655989e-05
   560.03    31.535    1.2287842277809145e-01    5.5465781194641295e-05
   561.03    31.590    1.2287602730113222e-01    5.5379858105553126e-05
   562.03    31.646    1.2287363958293449e-01    5.5295255508625019e-05
   563.03    31.703    1.2287126044351565e-01    5.5211374093033783e-05
   564.03    31.759    1.2286889102025893e-01    5.5127989917913567e-05
   565.03    31.814    1.2286652945965830e-01    5.5042042017561243e-05
   566.03    31.871    1.2286417586921698e-01    5.4955957515367970e-05
   567.03    31.927    1.2286183078562918e-01    5.4872205800471363e-05
   568.03    31.983    1.2285949381331185e-01    5.4787052404137171e-05
   569.03    32.040    1.2285716444500633e-01    5.4700881638503063e-05
   570.03    32.096    1.2285484374008469e-01    5.4615901547983015e-05
   571.03    32.153    1.2285253061633269e-01    5.4530621342863128e-05
   572.03    32.209    1.2285022518482241e-01    5.4444360954697402e-05
   573.03    32.265    1.2284792844336495e-01    5.4362908395333420e-05
   574.03    32.321    1.2284564033230796e-01    5.4280343123380703e-05
   575.03    32.377    1.2284335964398660e-01    5.4196480263613012e-05
   576.03    32.434    1.2284108656666305e-01    5.4110567102583218e-05
   577.03    32.490    1.2283882114750566e-01    5.4026359177505867e-05
   578.03    32.546    1.2283656390779585e-01    5.3942965765330086e-05
   579.03    32.602    1.2283431458924415e-01    5.3859074979456523e-05
   580.03    32.657    1.2283207291556064e-01    5.3773269158341463e-05
   581.03    32.714    1.2282983902967455e-01    5.3688845206067981e-05
   582.03    32.770    1.2282761254408241e-01    5.3604738743828761e-05
   583.03    32.825    1.2282539363261311e-01    5.3520401202433732e-05
   584.03    32.882    1.2282318247336051e-01    5.3436761406899791e-05
   585.03    32.938    1.2282097881575808e-01    5.3352746398616091e-05
   586.03    32.994    1.2281878255488689e-01    5.3270409322792034e-05
   587.03    33.051    1.2281659358107441e-01    5.3186605347477212e-05
   588.03    33.107    1.2281441265989082e-01    5.3103703354651088e-05
   589.03    33.164    1.2281223984925077e-01    5.3022957684945027e-05
   590.03    33.220    1.2281007426720586e-01    5.2939932643880638e-05
   591.03    33.276    1.2280791584886519e-01    5.2854267430291202e-05
   592.03    33.332    1.2280576444335849e-01    5.2768558377991326e-05
   593.03    33.387    1.2280362039370228e-01    5.2683870487513218e-05
   594.03    33.444    1.2280148377030370e-01    5.2601848201661028e-05
   595.03    33.500    1.2279935431479425e-01    5.2520374078213194e-05
   596.03    33.556    1.2279723169749113e-01    5.2434884709740004e-05
   597.03    33.611    1.2279511666935579e-01    5.2348702951121595e-05
   598.03    33.668    1.2279300896309576e-01    5.2266218098395711e-05
   599.03    33.725    1.2279090868739791e-01    5.2184396686527634e-05
   600.03    33.781    1.2278881464621681e-01    5.2100788890285799e-05
   601.03    33.837    1.2278672792082974e-01    5.2015708876140820e-05
   602.03    33.894    1.2278464830282249e-01    5.1932339188098808e-05
   603.03    33.950    1.2278257559677931e-01    5.1850669597897081e-05
   604.03    34.006    1.2278051013345564e-01    5.1768605578317306e-05
   605.03    34.061    1.2277845150862290e-01    5.1685941331314211e-05
   606.03    34.118    1.2277639988267892e-01    5.1602425013896891e-05
   607.03    34.173    1.2277435539506314e-01    5.1519164967928077e-05
   608.03    34.230    1.2277231782988640e-01    5.1436828538697910e-05
   609.03    34.286    1.2277028735544350e-01    5.1356396692625594e-05
   610.03    34.342    1.2276826326295665e-01    5.1274789651500896e-05
   611.03    34.398    1.2276624572576125e-01    5.1190187740246529e-05
   612.03    34.454    1.2276423513317776e-01    5.1106844001225227e-05
   613.03    34.511    1.2276223098520664e-01    5.1024611249061991e-05
   614.03    34.566    1.2276023354278091e-01    5.0942653405883220e-05
   615.03    34.622    1.2275824319988601e-01    5.0858842920220582e-05
   616.03    34.679    1.2275625943968829e-01    5.0775120683965724e-05
   617.03    34.735    1.2275428229452515e-01    5.0693869599882646e-05
   618.03    34.791    1.2275231176866377e-01    5.0611987347792819e-05
   619.03    34.847    1.2275034773336076e-01    5.0529349740813245e-05
   620.03    34.903    1.2274838991959194e-01    5.0445620928485368e-05
   621.03    34.959    1.2274643865926924e-01    5.0364104319911007e-05
   622.03    35.015    1.2274449408669458e-01    5.0283923327398838e-05
   623.03    35.071    1.2274255620347325e-01    5.0201904350899440e-05
   624.03    35.127    1.2274062414550321e-01    5.0118696233170112e-05
   625.03    35.184    1.2273869864702680e-01    5.0034601283499569e-05
   626.03    35.240    1.2273677949429507e-01    4.9951713627649497e-05
   627.03    35.296    1.2273486652891151e-01    4.9869254659995477e-05
   628.03    35.352    1.2273295984226527e-01    4.9789204332739700e-05
   629.03    35.408    1.2273106007223337e-01    4.9709194213320984e-05
   630.03    35.465    1.2272916646891510e-01    4.9628490531361535e-05
   631.03    35.522    1.2272727934457237e-01    4.9548097756257903e-05
   632.03    35.577    1.2272539820864840e-01    4.9466058751335140e-05
   633.03    35.633    1.2272352271203689e-01    4.9383193820418114e-05
   634.03    35.690    1.2272165420393821e-01    4.9302004358153795e-05
   635.03    35.746    1.2271979162494075e-01    4.9220592719834144e-05
   636.03    35.802    1.2271793500451667e-01    4.9138473572796215e-05
   637.03    35.858    1.2271608445623923e-01    4.9056657204005205e-05
   638.03    35.914    1.2271424014663601e-01    4.8975212008528501e-05
   639.03    35.970    1.2271240142026481e-01    4.8891553896979190e-05
   640.03    36.027    1.2271056855003205e-01    4.8807831062092077e-05
   641.03    36.083    1.2270874195837504e-01    4.8729593373764146e-05
   642.03    36.140    1.2270692154701289e-01    4.8650691340412777e-05
   643.03    36.195    1.2270510733217925e-01    4.8571642048855779e-05
   644.03    36.252    1.2270329897495838e-01    4.8492058596139032e-05
   645.03    36.308    1.2270149657937272e-01    4.8412359113569892e-05
   646.03    36.365    1.2269970008278702e-01    4.8331997014372519e-05
   647.03    36.422    1.2269790909192008e-01    4.8251056288250993e-05
   648.03    36.478    1.2269612422432932e-01    4.8169794336416771e-05
   649.03    36.534    1.2269434515568745e-01    4.8090145448043131e-05
   650.03    36.590    1.2269257219037660e-01    4.8011163411132429e-05
   651.03    36.646    1.2269080425502123e-01    4.7930002434526386e-05
   652.03    36.702    1.2268904206397910e-01    4.7847843335446782e-05
   653.03    36.759    1.2268728588998232e-01    4.7767054079272953e-05
   654.03    36.814    1.2268553535281415e-01    4.7688939540435626e-05
   655.03    36.871    1.2268379070395302e-01    4.7609956803640330e-05
   656.03    36.927    1.2268205157940262e-01    4.7530545804974622e-05
   657.03    36.983    1.2268031794449538e-01    4.7450727951314775e-05
   658.03    37.040    1.2267859003921093e-01    4.7371014270325418e-05
   659.03    37.097    1.2267686757692506e-01    4.7290526762111540e-05
   660.03    37.154    1.2267515084836998e-01    4.7210727766255900e-05
   661.03    37.210    1.2267343970014880e-01    4.7130540565376577e-05
   662.03    37.267    1.2267173412148549e-01    4.7049668616239160e-05
   663.03    37.323    1.2267003402247484e-01    4.6970062040685434e-05
   664.03    37.379    1.2266833911483860e-01    4.6892607278081755e-05
   665.03    37.435    1.2266664982795195e-01    4.6812219448355563e-05
   666.03    37.492    1.2266496570884924e-01    4.6732166136820297e-05
   667.03    37.548    1.2266328755396834e-01    4.6654648727439962e-05
   668.03    37.603    1.2266161469791435e-01    4.6575297631079593e-05
   669.03    37.659    1.2265994690855450e-01    4.6495808319946264e-05
   670.03    37.715    1.2265828415930784e-01    4.6416905057355962e-05
   671.03    37.771    1.2265662659747123e-01    4.6336901334598224e-05
   672.03    37.827    1.2265497497605206e-01    4.6258445292934880e-05
   673.03    37.883    1.2265332870939279e-01    4.6180120243377587e-05
   674.03    37.939    1.2265168741514008e-01    4.6100451188024749e-05
   675.03    37.995    1.2265005125808057e-01    4.6022274432289123e-05
   676.03    38.052    1.2264842071298178e-01    4.5944094811289915e-05
   677.03    38.107    1.2264679523858139e-01    4.5865362103825191e-05
   678.03    38.163    1.2264517455195903e-01    4.5784566427897744e-05
   679.03    38.219    1.2264355892136355e-01    4.5706369958153914e-05
   680.03    38.275    1.2264194900867988e-01    4.5630047267763985e-05
   681.03    38.331    1.2264034420529581e-01    4.5552690789207873e-05
   682.03    38.388    1.2263874423141582e-01    4.5472910413124623e-05
   683.03    38.444    1.2263715286244994e-01    4.5394490275185717e-05
   684.03    38.500    1.2263556726761687e-01    4.5316317212495960e-05
   685.03    38.557    1.2263398693598850e-01    4.5239060277424414e-05
   686.03    38.613    1.2263241198223034e-01    4.5162224170169907e-05
   687.03    38.669    1.2263084222775089e-01    4.5086122486992508e-05
   688.03    38.726    1.2262927745044516e-01    4.5008942295865495e-05
   689.03    38.782    1.2262771754157811e-01    4.4931353636812332e-05
   690.03    38.838    1.2262616295065906e-01    4.4856175149377009e-05
   691.03    38.894    1.2262461311930785e-01    4.4780051212001126e-05
   692.03    38.951    1.2262306854592749e-01    4.4703284327596293e-05
   693.03    39.006    1.2262152836253667e-01    4.4624775785706561e-05
   694.03    39.063    1.2261999290779749e-01    4.4546359871944219e-05
   695.03    39.119    1.2261846257323480e-01    4.4468664237129474e-05
   696.03    39.175    1.2261693765148907e-01    4.4394566781846834e-05
   697.03    39.231    1.2261541784479194e-01    4.4319753831345565e-05
   698.03    39.288    1.2261390243643837e-01    4.4241592652483064e-05
   699.03    39.344    1.2261239221849946e-01    4.4165474045954056e-05
   700.03    39.401    1.2261088684659099e-01    4.4089252945411772e-05
   701.03    39.457    1.2260938617254412e-01    4.4013422044741901e-05
   702.03    39.513    1.2260789017351764e-01    4.3937857116205237e-05
   703.03    39.570    1.2260639906104506e-01    4.3860158980280062e-05
   704.03    39.625    1.2260491280913081e-01    4.3783297083876960e-05
   705.03    39.682    1.2260343088852979e-01    4.3705601500576563e-05
   706.03    39.738    1.2260195376563304e-01    4.3626622039383278e-05
   707.03    39.795    1.2260048118144888e-01    4.3548850873875722e-05
   708.03    39.850    1.2259901356020554e-01    4.3474467238624470e-05
   709.03    39.906    1.2259755004204055e-01    4.3398047324672007e-05
   710.03    39.963    1.2259609184828718e-01    4.3323391231808728e-05
   711.03    40.019    1.2259463806078147e-01    4.3246556639786604e-05
   712.03    40.076    1.2259318889503824e-01    4.3170636285339015e-05
   713.03    40.133    1.2259174443016618e-01    4.3095885118304977e-05
   714.03    40.189    1.2259030455387029e-01    4.3021650025565350e-05
   715.03    40.245    1.2258886885139511e-01    4.2944921753829135e-05
   716.03    40.301    1.2258743773012472e-01    4.2867909408883520e-05
   717.03    40.359    1.2258601127710771e-01    4.2794332806295188e-05
   718.03    40.415    1.2258458916009955e-01    4.2720832983178525e-05
   719.03    40.471    1.2258317118683995e-01    4.2644977400030371e-05
   720.03    40.527    1.2258175838273952e-01    4.2570793551632846e-05
   721.03    40.584    1.2258034977984426e-01    4.2496230722832706e-05
   722.03    40.639    1.2257894564411162e-01    4.2422347021897622e-05
   723.03    40.696    1.2257754608201395e-01    4.2347827076127942e-05
   724.03    40.753    1.2257615095962784e-01    4.2272300571966070e-05
   725.03    40.809    1.2257476028253979e-01    4.2196423386542392e-05
   726.03    40.865    1.2257337397055694e-01    4.2120816379664916e-05
   727.03    40.922    1.2257199180039001e-01    4.2042935859853969e-05
   728.03    40.979    1.2257061368234416e-01    4.1965299292456848e-05
   729.03    41.035    1.2256924022947059e-01    4.1891844944075274e-05
   730.03    41.091    1.2256787108911926e-01    4.1818245550828692e-05
   731.03    41.148    1.2256650620033965e-01    4.1744364152052071e-05
   732.03    41.204    1.2256514597879180e-01    4.1672957657112875e-05
   733.03    41.260    1.2256378999822826e-01    4.1598012948895757e-05
   734.03    41.317    1.2256243822847016e-01    4.1523824586775504e-05
   735.03    41.373    1.2256109056263073e-01    4.1447447941322935e-05
   736.03    41.429    1.2255974672235714e-01    4.1371757493635641e-05
   737.03    41.485    1.2255840741220289e-01    4.1295176185229820e-05
   738.03    41.541    1.2255707208967521e-01    4.1220180115431049e-05
   739.03    41.597    1.2255574120211285e-01    4.1146535728842082e-05
   740.04    41.654    1.2255441437222250e-01    4.1072530379437922e-05
   741.04    41.710    1.2255309186431747e-01    4.1002333661666057e-05
   742.04    41.767    1.2255177326524376e-01    4.0929422651103664e-05
   743.04    41.824    1.2255045842082439e-01    4.0852412643843650e-05
   744.04    41.880    1.2254914766233889e-01    4.0776749392179568e-05
   745.04    41.936    1.2254784163480378e-01    4.0705313292477285e-05
   746.04    41.993    1.2254653920875716e-01    4.0634146575513341e-05
   747.04    42.049    1.2254524105058708e-01    4.0559605301027091e-05
   748.04    42.105    1.2254394694241447e-01    4.0485005429857779e-05
   749.04    42.161    1.2254265665663185e-01    4.0410225908615871e-05
   750.04    42.218    1.2254137048171200e-01    4.0339296562663662e-05
   751.04    42.274    1.2254008815296422e-01    4.0266617409301375e-05
   752.04    42.332    1.2253881004327098e-01    4.0193654344378160e-05
   753.04    42.391    1.2253753582114210e-01    4.0121197423914623e-05
   754.04    42.451    1.2253626592303174e-01    4.0049459979485391e-05
   755.04    42.509    1.2253499996233344e-01    3.9978855149058745e-05
   756.04    42.568    1.2253373787132513e-01    3.9907192368460187e-05
   757.04    42.627    1.2253247934803051e-01    3.9830817762265269e-05
   758.04    42.686    1.2253122468030189e-01    3.9759603728484194e-05
   759.04    42.744    1.2252997423416831e-01    3.9687930149412409e-05
   760.04    42.803    1.2252872765749677e-01    3.9616612669490792e-05
   761.04    42.862    1.2252748478259465e-01    3.9544171306360454e-05
   762.04    42.922    1.2252624545955682e-01    3.9469830339200485e-05
   763.04    42.981    1.2252501006525299e-01    3.9396338967989664e-05
   764.04    43.039    1.2252377853918878e-01    3.9324522139949636e-05
   765.04    43.098    1.2252255104606387e-01    3.9255422793260664e-05
   766.04    43.157    1.2252132726220923e-01    3.9185470823710489e-05
   767.04    43.217    1.2252010717187102e-01    3.9113060843476433e-05
   768.04    43.275    1.2251889091949728e-01    3.9039865940893037e-05
   769.04    43.334    1.2251767802353403e-01    3.8964695457721632e-05
   770.04    43.393    1.2251646885806844e-01    3.8893362198422210e-05
   771.04    43.451    1.2251526350110334e-01    3.8825127248287572e-05
   772.04    43.510    1.2251406192371528e-01    3.8754343053781781e-05
   773.04    43.569    1.2251286395234195e-01    3.8684388094623046e-05
   774.04    43.628    1.2251166987402438e-01    3.8613840201762173e-05
   775.04    43.687    1.2251047948723480e-01    3.8543655143996602e-05
   776.04    43.746    1.2250929273778263e-01    3.8472412105861054e-05
   777.04    43.805    1.2250810939387330e-01    3.8400340901745267e-05
   778.04    43.865    1.2250692990071793e-01    3.8331004880376440e-05
   779.04    43.924    1.2250575367517402e-01    3.8261029892794340e-05
   780.04    43.983    1.2250458128751114e-01    3.8190517527070256e-05
   781.04    44.042    1.2250341242041324e-01    3.8119037228057095e-05
   782.04    44.101    1.2250224702188839e-01    3.8049780133775357e-05
   783.04    44.160    1.2250108508701701e-01    3.7978397019244881e-05
   784.04    44.219    1.2249992668185111e-01    3.7905708376584357e-05
   785.04    44.278    1.2249877207518721e-01    3.7835337003855329e-05
   786.04    44.337    1.2249762090317776e-01    3.7765332482564418e-05
   787.04    44.396    1.2249647350410092e-01    3.7699780508049230e-05
   788.04    44.455    1.2249532965649156e-01    3.7631927012782285e-05
   789.04    44.514    1.2249418876116774e-01    3.7560298428829242e-05
   790.04    44.573    1.2249305133018210e-01    3.7488591026146878e-05
   791.04    44.632    1.2249191772756367e-01    3.7419390189086243e-05
   792.04    44.691    1.2249078749603001e-01    3.7350341496988904e-05
   793.04    44.750    1.2248966023218401e-01    3.7278123787842787e-05
   794.04    44.810    1.2248853668888487e-01    3.7206403666445453e-05
   795.04    44.869    1.2248741627556414e-01    3.7135362486395707e-05
   796.04    44.928    1.2248629938946103e-01    3.7063950761861975e-05
   797.04    44.986    1.2248518600677252e-01    3.6995555870333874e-05
   798.04    45.042    1.2248407611276492e-01    3.6929698008947298e-05
   799.04    45.099    1.2248296937992725e-01    3.6862175225138571e-05
   800.04    45.156    1.2248186581675800e-01    3.6793727229422757e-05
   801.04    45.212    1.2248076550897327e-01    3.6725804354986735e-05
   802.04    45.268    1.2247966890188909e-01    3.6657859620703448e-05
   803.04    45.325    1.2247857539707169e-01    3.6588811836324453e-05
   804.04    45.382    1.2247748522366290e-01    3.6521741934691931e-05
   805.04    45.438    1.2247639865205333e-01    3.6454208920844167e-05
   806.04    45.494    1.2247531542728179e-01    3.6386713842873064e-05
   807.04    45.550    1.2247423540111879e-01    3.6319140949814255e-05
   808.04    45.607    1.2247315836225918e-01    3.6253599400737357e-05
   809.04    45.663    1.2247208468798559e-01    3.6186430776297129e-05
   810.04    45.720    1.2247101417115541e-01    3.6117019819315033e-05
   811.04    45.776    1.2246994692789055e-01    3.6047713351194943e-05
   812.04    45.832    1.2246888295393592e-01    3.5980630821441650e-05
   813.04    45.888    1.2246782185329971e-01    3.5912900751000620e-05
   814.04    45.944    1.2246676421899112e-01    3.5847745252226559e-05
   815.04    45.999    1.2246570984132461e-01    3.5779241251532312e-05
   816.04    46.056    1.2246465871569941e-01    3.5711008660399557e-05
   817.04    46.112    1.2246361068766932e-01    3.5643957472686338e-05
   818.04    46.167    1.2246256543183677e-01    3.5575057619752215e-05
   819.04    46.224    1.2246152384062563e-01    3.5511056607262503e-05
   820.04    46.280    1.2246048508786722e-01    3.5446711107667284e-05
   821.04    46.336    1.2245944946329007e-01    3.5379294239135106e-05
   822.04    46.393    1.2245841699761338e-01    3.5311421994421721e-05
   823.04    46.449    1.2245738763141364e-01    3.5245375027415093e-05
   824.04    46.505    1.2245636135208095e-01    3.5181245602089461e-05
   825.04    46.562    1.2245533804342264e-01    3.5113461093416731e-05
   826.04    46.618    1.2245431753235911e-01    3.5041693426052234e-05
   827.04    46.674    1.2245330001326063e-01    3.4975216873789350e-05
   828.04    46.730    1.2245228552945218e-01    3.4909689873074967e-05
   829.04    46.786    1.2245127448763553e-01    3.4846790271103600e-05
   830.04    46.842    1.2245026636253754e-01    3.4782978802994080e-05
   831.04    46.898    1.2244926119330252e-01    3.4718702959679604e-05
   832.04    46.954    1.2244825938235854e-01    3.4654329413186247e-05
   833.04    47.010    1.2244726019866756e-01    3.4587222089044189e-05
   834.04    47.066    1.2244626392568222e-01    3.4521529304498699e-05
   835.04    47.122    1.2244527079237659e-01    3.4455996734905625e-05
   836.04    47.178    1.2244428041820479e-01    3.4391232420105666e-05
   837.04    47.235    1.2244329320450131e-01    3.4327320264537775e-05
   838.04    47.291    1.2244230873749690e-01    3.4258295865896571e-05
   839.04    47.348    1.2244132727403512e-01    3.4192810899114079e-05
   840.04    47.403    1.2244034863074878e-01    3.4125873098034276e-05
   841.04    47.460    1.2243937288607923e-01    3.4058774991407859e-05
   842.04    47.515    1.2243840018308776e-01    3.3998279960201216e-05
   843.04    47.572    1.2243743013074654e-01    3.3934786287659335e-05
   844.04    47.631    1.2243646283313180e-01    3.3866845241092847e-05
   845.04    47.690    1.2243549875281981e-01    3.3801986404569107e-05
   846.04    47.749    1.2243453737100160e-01    3.3739125894882704e-05
   847.04    47.808    1.2243357864091975e-01    3.3674758302737473e-05
   848.04    47.867    1.2243262292086923e-01    3.3610976361231337e-05
   849.04    47.926    1.2243167015504029e-01    3.3548314444686866e-05
   850.04    47.985    1.2243072010014522e-01    3.3485049222292673e-05
   851.04    48.044    1.2242977306714403e-01    3.3422805865157557e-05
   852.04    48.103    1.2242882861135143e-01    3.3361306019941139e-05
   853.04    48.163    1.2242788712724034e-01    3.3297068011250985e-05
   854.04    48.222    1.2242694835869211e-01    3.3230334246070470e-05
   855.04    48.281    1.2242601221460306e-01    3.3165059825535081e-05
   856.04    48.340    1.2242507893947854e-01    3.3102680816909924e-05
   857.04    48.399    1.2242414863782559e-01    3.3039685195745960e-05
   858.04    48.458    1.2242322221850868e-01    3.2977040916648548e-05
   859.04    48.517    1.2242229846146127e-01    3.2915947608458396e-05
   860.04    48.575    1.2242137724238247e-01    3.2852900540447649e-05
   861.04    48.635    1.2242045876588031e-01    3.2788969736685658e-05
   862.04    48.694    1.2241954315005873e-01    3.2727201187299215e-05
   863.04    48.753    1.2241863016225843e-01    3.2665312186708206e-05
   864.04    48.812    1.2241771998223333e-01    3.2601619798455772e-05
   865.04    48.870    1.2241681237345994e-01    3.2540356734500619e-05
   866.04    48.929    1.2241590756954901e-01    3.2480618777697146e-05
   867.04    48.987    1.2241500533887126e-01    3.2418486583196682e-05
   868.04    49.045    1.2241410568523611e-01    3.2354504856613175e-05
   869.04    49.104    1.2241320874050177e-01    3.2294243476727047e-05
   870.04    49.163    1.2241231443991260e-01    3.2234786353058098e-05
   871.04    49.222    1.2241142274010840e-01    3.2175318624538818e-05
   872.04    49.281    1.2241053364572561e-01    3.2112990504984396e-05
   873.04    49.340    1.2240964700812450e-01    3.2049662005206869e-05
   874.04    49.398    1.2240876274640143e-01    3.1987231935204363e-05
   875.04    49.457    1.2240788126099522e-01    3.1927307126977666e-05
   876.04    49.516    1.2240700253728973e-01    3.1866555444182154e-05
   877.04    49.575    1.2240612616135708e-01    3.1806510095933049e-05
   878.04    49.634    1.2240525225348721e-01    3.1746507927365997e-05
   879.04    49.693    1.2240438101897649e-01    3.1685387988034108e-05
   880.04    49.752    1.2240351216793159e-01    3.1623681675085891e-05
   881.04    49.811    1.2240264599941345e-01    3.1562717238031723e-05
   882.04    49.870    1.2240178234509241e-01    3.1500682650786871e-05
   883.04    49.929    1.2240092126773686e-01    3.1440086431189229e-05
   884.04    49.988    1.2240006272981728e-01    3.1380341971143366e-05
   885.04    50.047    1.2239920668874815e-01    3.1321210352430739e-05
   886.04    50.106    1.2239835297269679e-01    3.1261231409729362e-05
   887.04    50.165    1.2239750149988333e-01    3.1228284557371921e-05
   888.04    50.224    1.2239665262012897e-01    3.1195892741919806e-05
   889.04    50.280    1.2239580617707670e-01    3.1164620665435905e-05
   890.04    50.337    1.2239496211054324e-01    3.1135126455694717e-05
   891.04    50.393    1.2239412048584511e-01    3.1105193555092114e-05
   892.04    50.449    1.2239328151681642e-01    3.1074223809213208e-05
   893.05    50.505    1.2239244504711266e-01    3.1042865787256346e-05
   894.05    50.561    1.2239161082889072e-01    3.1011534296965237e-05
   895.05    50.618    1.2239077907153742e-01    3.0982483382402393e-05
   896.05    50.673    1.2238994969811774e-01    3.0951391202904688e-05
   897.05    50.730    1.2238912262296969e-01    3.0920390814870302e-05
   898.05    50.786    1.2238829794543334e-01    3.0890094008029223e-05
   899.05    50.843    1.2238747567207049e-01    3.0858383553322710e-05
   900.05    50.898    1.2238665572432440e-01    3.0825327156591698e-05
   901.05    50.954    1.2238583809822859e-01    3.0792967571358076e-05
   902.05    51.011    1.2238502278844511e-01    3.0763114125420543e-05
   903.05    51.067    1.2238420995008108e-01    3.0733155440998416e-05
   904.05    51.123    1.2238339945492377e-01    3.0704252843349877e-05
   905.05    51.179    1.2238259146931102e-01    3.0676225749814989e-05
   906.05    51.235    1.2238178584966344e-01    3.0645915909843779e-05
   907.05    51.292    1.2238098243303637e-01    3.0616427856955397e-05
   908.05    51.348    1.2238018113607373e-01    3.0584597778826605e-05
   909.05    51.403    1.2237938198868453e-01    3.0553145624168110e-05
   910.05    51.459    1.2237858557397396e-01    3.0526689544174701e-05
   911.05    51.516    1.2237779111456611e-01    3.0497487639280507e-05
   912.05    51.572    1.2237699910263299e-01    3.0466079683932890e-05
   913.05    51.628    1.2237620937100950e-01    3.0436036295711233e-05
   914.05    51.684    1.2237542178226911e-01    3.0406568892971109e-05
   915.05    51.740    1.2237463619774559e-01    3.0376210704119444e-05
   916.05    51.797    1.2237385315871167e-01    3.0347362827143343e-05
   917.05    51.854    1.2237307235690098e-01    3.0319425231795094e-05
   918.05    51.909    1.2237229378022080e-01    3.0290395166332473e-05
   919.05    51.966    1.2237151751615662e-01    3.0261604340608983e-05
   920.05    52.022    1.2237074315000310e-01    3.0231444705819399e-05
   921.05    52.078    1.2236997128557052e-01    3.0202465605810858e-05
   922.05    52.134    1.2236920167981750e-01    3.0173447399306497e-05
   923.05    52.190    1.2236843422318910e-01    3.0143035134599927e-05
   924.05    52.247    1.2236766872523210e-01    3.0112177164198783e-05
   925.05    52.303    1.2236690553307046e-01    3.0083024881832898e-05
   926.05    52.360    1.2236614442848084e-01    3.0053122012319022e-05
   927.05    52.416    1.2236538551940118e-01    3.0023011953872469e-05
   928.05    52.472    1.2236462865267926e-01    2.9994829571222681e-05
   929.05    52.528    1.2236387406697478e-01    2.9965472846171792e-05
   930.05    52.585    1.2236312179894429e-01    2.9938053973666001e-05
   931.05    52.641    1.2236237146482243e-01    2.9908993520066929e-05
   932.05    52.697    1.2236162318108372e-01    2.9881285158239734e-05
   933.05    52.753    1.2236087698343298e-01    2.9852800699003978e-05
   934.05    52.809    1.2236013295852941e-01    2.9823897826020129e-05
   935.05    52.866    1.2235939089636712e-01    2.9795280594768769e-05
   936.05    52.924    1.2235865118968775e-01    2.9767489278853532e-05
   937.05    52.982    1.2235791353541915e-01    2.9739271775852671e-05
   938.05    53.041    1.2235717801463139e-01    2.9710776066949052e-05
   939.05    53.101    1.2235644441653279e-01    2.9680883971039407e-05
   940.05    53.159    1.2235571295052435e-01    2.9648648247615483e-05
   941.05    53.216    1.2235498347473987e-01    2.9617810721305204e-05
   942.05    53.275    1.2235425604303130e-01    2.9590506555265961e-05
   943.05    53.334    1.2235353049552837e-01    2.9563311677804904e-05
   944.05    53.393    1.2235280713934020e-01    2.9534187847346516e-05
   945.05    53.452    1.2235208592692358e-01    2.9507216854796070e-05
   946.05    53.511    1.2235136673647470e-01    2.9479173004887116e-05
   947.05    53.570    1.2235064927610664e-01    2.9450916484208278e-05
   948.05    53.629    1.2234993384248863e-01    2.9421578247479374e-05
   949.05    53.688    1.2234922056302498e-01    2.9392580557896508e-05
   950.05    53.747    1.2234850928686650e-01    2.9365577834283840e-05
   951.05    53.806    1.2234780010632390e-01    2.9339389016058703e-05
   952.05    53.865    1.2234709292418056e-01    2.9311946937227162e-05
   953.05    53.924    1.2234638763896047e-01    2.9283591924667007e-05
   954.05    53.983    1.2234568423398928e-01    2.9256024451029816e-05
   955.05    54.042    1.2234498303710556e-01    2.9229397089380882e-05
   956.05    54.101    1.2234428382185428e-01    2.9202556380170108e-05
   957.05    54.160    1.2234358631184074e-01    2.9175338921660909e-05
   958.05    54.220    1.2234289099217732e-01    2.9147153139064130e-05
   959.05    54.278    1.2234219742438154e-01    2.9118334989419736e-05
   960.05    54.338    1.2234150596059970e-01    2.9089557108008535e-05
   961.05    54.397    1.2234081624543977e-01    2.9061266195284929e-05
   962.05    54.456    1.2234012832230801e-01    2.9031252690714382e-05
   963.05    54.516    1.2233944242688627e-01    2.9003620662493290e-05
   964.05    54.575    1.2233875853893657e-01    2.8978275741664561e-05
   965.05    54.633    1.2233807631495125e-01    2.8951264201992899e-05
   966.05    54.692    1.2233739616176111e-01    2.8924122974061106e-05
   967.05    54.751    1.2233671777204240e-01    2.8896567989988853e-05
   968.05    54.811    1.2233604120323256e-01    2.8867537361421114e-05
   969.05    54.870    1.2233536664531253e-01    2.8840396648632804e-05
   970.05    54.929    1.2233469404902703e-01    2.8814564238643925e-05
   971.05    54.988    1.2233402319175313e-01    2.8787640495409050e-05
   972.05    55.047    1.2233335419148589e-01    2.8761081392048027e-05
   973.05    55.107    1.2233268712366198e-01    2.8732714074664045e-05
   974.05    55.166    1.2233202196897046e-01    2.8704830869585862e-05
   975.05    55.225    1.2233135862426012e-01    2.8676879120226317e-05
   976.05    55.284    1.2233069710808742e-01    2.8650598812518524e-05
   977.05    55.343    1.2233003739711272e-01    2.8623067303001903e-05
   978.05    55.402    1.2232937953186712e-01    2.8595663083663680e-05
   979.05    55.461    1.2232872343715068e-01    2.8569798891098230e-05
   980.05    55.520    1.2232806921152252e-01    2.8541736730502976e-05
   981.05    55.576    1.2232741673352904e-01    2.8514253358480346e-05
   982.05    55.632    1.2232676597614299e-01    2.8487373294083795e-05
   983.05    55.688    1.2232611704087248e-01    2.8459732783758795e-05
   984.05    55.743    1.2232546989235746e-01    2.8432665539313007e-05
   985.05    55.799    1.2232482442843813e-01    2.8406024505045480e-05
   986.05    55.856    1.2232418088360716e-01    2.8380268732419722e-05
   987.05    55.911    1.2232353902040005e-01    2.8353993315022308e-05
   988.05    55.967    1.2232289900007869e-01    2.8326582032889291e-05
   989.05    56.024    1.2232226057136093e-01    2.8299736195336322e-05
   990.05    56.080    1.2232162391921361e-01    2.8272744890145418e-05
   991.05    56.137    1.2232098902887539e-01    2.8246365008754992e-05
   992.05    56.194    1.2232035580233926e-01    2.8219858952738264e-05
   993.05    56.250    1.2231972448116588e-01    2.8193872022796995e-05
   994.05    56.306    1.2231909490559391e-01    2.8167945428592134e-05
   995.05    56.362    1.2231846692791958e-01    2.8141543584325746e-05
   996.05    56.418    1.2231784055299938e-01    2.8114694854863842e-05
   997.05    56.474    1.2231721589942333e-01    2.8088434284256891e-05
   998.05    56.531    1.2231659318739750e-01    2.8061954497005104e-05
   999.05    56.588    1.2231597199422679e-01    2.8035514173296860e-05
  1000.05    56.643    1.2231535269326345e-01    2.8010042205650620e-05
  1001.05    56.699    1.2231473490856921e-01    2.7983921063068351e-05
  1002.05    56.755    1.2231411881596677e-01    2.7957029319125581e-05
  1003.05    56.812    1.2231350447680454e-01    2.7930846341561733e-05
  1004.05    56.869    1.2231289178243206e-01    2.7904920967714020e-05
  1005.05    56.925    1.2231228066563810e-01    2.7878834197636593e-05
  1006.05    56.982    1.2231167124225428e-01    2.7852586578447358e-05
  1007.05    57.038    1.2231106352536074e-01    2.7827018811876769e-05
  1008.05    57.094    1.2231045738028531e-01    2.7801132601368295e-05
  1009.05    57.149    1.2230985289699428e-01    2.7775333721891116e-05
  1010.05    57.206    1.2230925020616132e-01    2.7750377428858997e-05
  1011.05    57.262    1.2230864909446001e-01    2.7723716295113832e-05
  1012.05    57.319    1.2230804942496658e-01    2.7696519696362998e-05
  1013.05    57.375    1.2230745147005490e-01    2.7670564357151761e-05
  1014.05    57.430    1.2230685505209664e-01    2.7644718134212098e-05
  1015.05    57.486    1.2230626034013804e-01    2.7620022940766376e-05
  1016.05    57.542    1.2230566730194425e-01    2.7595358325527286e-05
  1017.05    57.598    1.2230507585717902e-01    2.7570205842764040e-05
  1018.05    57.654    1.2230448592012352e-01    2.7544119818756485e-05
  1019.05    57.710    1.2230389764062535e-01    2.7517894752193683e-05
  1020.05    57.766    1.2230331084023124e-01    2.7492812220586416e-05
  1021.05    57.822    1.2230272573366749e-01    2.7467011761928006e-05
  1022.05    57.879    1.2230214213639623e-01    2.7441466897926148e-05
  1023.05    57.935    1.2230156004354002e-01    2.7415523531360009e-05
  1024.05    57.991    1.2230097940778036e-01    2.7390567247209674e-05
  1025.05    58.047    1.2230040046661837e-01    2.7365998722217455e-05
  1026.05    58.103    1.2229982294578154e-01    2.7341483180620685e-05
  1027.05    58.159    1.2229924708148313e-01    2.7316642224661791e-05
  1028.05    58.216    1.2229867257822132e-01    2.7291642750171263e-05
  1029.05    58.272    1.2229809973574479e-01    2.7267820238208174e-05
  1030.05    58.329    1.2229752843237207e-01    2.7242887586709230e-05
  1031.05    58.385    1.2229695880478690e-01    2.7217092085862760e-05
  1032.05    58.442    1.2229639079946369e-01    2.7193136046932409e-05
  1033.05    58.498    1.2229582410375880e-01    2.7167673257721958e-05
  1034.05    58.554    1.2229525884099868e-01    2.7141665427166117e-05
  1035.05    58.611    1.2229469519921371e-01    2.7115932025978395e-05
  1036.05    58.666    1.2229413311900642e-01    2.7091801966250273e-05
  1037.05    58.723    1.2229357252161664e-01    2.7067065071051388e-05
  1038.05    58.779    1.2229301345046249e-01    2.7042855409220579e-05
  1039.05    58.835    1.2229245566954364e-01    2.7017392064010437e-05
  1040.05    58.891    1.2229189936496977e-01    2.6992240170997661e-05
  1041.05    58.947    1.2229134461945067e-01    2.6967362414254126e-05
  1042.05    59.003    1.2229079135022218e-01    2.6941752365061689e-05
  1043.05    59.059    1.2229023951569137e-01    2.6917364984058167e-05
  1044.05    59.115    1.2228968910816908e-01    2.6893075014911005e-05
  1045.05    59.172    1.2228914001580728e-01    2.6868530753176856e-05
  1046.05    59.228    1.2228859253295442e-01    2.6843624876704553e-05
  1047.05    59.285    1.2228804641030951e-01    2.6819943716560601e-05
  1048.05    59.341    1.2228750173299677e-01    2.6795779046295820e-05
  1049.05    59.397    1.2228695857755034e-01    2.6771222939814265e-05
  1050.05    59.453    1.2228641687569194e-01    2.6746112046893700e-05
  1051.05    59.509    1.2228587660722866e-01    2.6722629407061049e-05
  1052.05    59.566    1.2228533783405086e-01    2.6699003679908628e-05
  1053.05    59.622    1.2228480041954734e-01    2.6674399931536641e-05
  1054.05    59.677    1.2228426435752350e-01    2.6649882499896194e-05
  1055.05    59.734    1.2228372959135782e-01    2.6624409739994803e-05
  1056.05    59.789    1.2228319642828790e-01    2.6600912597984916e-05
  1057.05    59.845    1.2228266471456660e-01    2.6577219117029927e-05
  1058.05    59.902    1.2228213432211270e-01    2.6552652396816256e-05
  1059.05    59.957    1.2228160527770231e-01    2.6527632886796937e-05
  1060.05    60.013    1.2228107760636468e-01    2.6502508085002319e-05
  1061.05    60.069    1.2228055130764676e-01    2.6478263011497916e-05
  1062.05    60.126    1.2228002645823968e-01    2.6455587249785140e-05
  1063.05    60.183    1.2227950299860256e-01    2.6432701078604737e-05
  1064.05    60.240    1.2227898069518404e-01    2.6408142158373948e-05
  1065.05    60.296    1.2227845990271706e-01    2.6383933688478578e-05
  1066.05    60.351    1.2227794038380266e-01    2.6359655160845819e-05
  1067.05    60.407    1.2227742221412567e-01    2.6334396027394291e-05
  1068.05    60.463    1.2227690553083130e-01    2.6311131538392374e-05
  1069.06    60.519    1.2227639013829410e-01    2.6288776536986802e-05
  1070.06    60.575    1.2227587598318071e-01    2.6264717446267127e-05
  1071.06    60.631    1.2227536322425725e-01    2.6239144823136940e-05
  1072.06    60.687    1.2227485178778662e-01    2.6214245989919505e-05
  1073.06    60.744    1.2227434178702086e-01    2.6191375011919149e-05
  1074.06    60.800    1.2227383313276144e-01    2.6168189657838070e-05
  1075.06    60.859    1.2227332574587885e-01    2.6144280845130652e-05
  1076.06    60.918    1.2227281964368621e-01    2.6119260166268532e-05
  1077.06    60.977    1.2227231480554501e-01    2.6094623068573242e-05
  1078.06    61.035    1.2227181124141163e-01    2.6071079330947100e-05
