    epoch   elapsed                       val                 norm_grad
     0.00     0.000    6.9314718055994529e-01    1.2815675733146356e-01
     0.12     0.008    6.9314683886488682e-01    1.2815668263595797e-01
     0.20     0.012    3.4366525361016959e-01    2.1098075119071025e-02
     0.32     0.019    3.1726243792634884e-01    1.2547329757724586e-02
     0.40     0.025    2.7778041748513899e-01    1.0649078682826378e-02
     0.52     0.033    2.4006517001263555e-01    6.4618363097506638e-03
     0.60     0.038    2.1082959795465425e-01    1.2591140384764964e-02
     0.72     0.046    2.0203078965885937e-01    7.0970030354924971e-03
     0.80     0.052    1.9751753467858213e-01    2.4737504928731913e-03
     0.92     0.060    1.9608536922421385e-01    1.9229735933736357e-03
     1.00     0.065    1.9567805934025753e-01    1.7145727199369876e-03
     1.12     0.073    1.9214321878109847e-01    1.3728769433981399e-03
     1.20     0.079    1.9078905396605472e-01    2.4996323936747524e-03
     1.32     0.086    1.8937640531339991e-01    9.8876262007110017e-04
     1.40     0.091    1.8931058170836648e-01    1.2466745249433431e-03
     1.52     0.097    1.8940829294806164e-01    1.7097821640586815e-03
     1.60     0.101    1.8922514374067750e-01    1.1537984128120367e-03
     1.72     0.107    1.8919558944257570e-01    1.3861712320045658e-03
     1.80     0.112    1.8905398710813970e-01    9.2733368131462366e-04
     1.92     0.118    1.8899042979029532e-01    7.6964288345182132e-04
     2.00     0.122    1.8892753067150914e-01    7.6576046293104873e-04
     2.12     0.129    1.8885507784924896e-01    6.0691992008055301e-04
     2.20     0.133    1.8881906695087516e-01    5.5868348208843984e-04
     2.32     0.139    1.8880984490901301e-01    7.0183387678377906e-04
     2.40     0.143    1.8877456487688346e-01    5.9856199968992020e-04
     2.52     0.150    1.8874537363342381e-01    6.0981850538385199e-04
     2.60     0.155    1.8869698610508090e-01    4.5584753735122444e-04
     2.72     0.162    1.8867820341176528e-01    4.6968825649081682e-04
     2.80     0.169    1.8865463859910556e-01    4.4432598188965782e-04
     2.92     0.178    1.8861966620352053e-01    4.2957942644926026e-04
     3.00     0.184    1.8859868417091333e-01    4.0340583993252546e-04
     3.12     0.192    1.8857322162473567e-01    3.6363103768609329e-04
     3.20     0.197    1.8854968014452106e-01    3.4913434629944612e-04
     3.32     0.205    1.8851447908357460e-01    3.2908460169110991e-04
     3.40     0.211    1.8848936339805575e-01    3.4110709918719838e-04
     3.52     0.219    1.8844497403162871e-01    3.2242543579595042e-04
     3.60     0.225    1.8840869304341670e-01    2.9085791782464956e-04
     3.72     0.233    1.8836197293090021e-01    2.6735284769591530e-04
     3.80     0.239    1.8831456310090050e-01    2.4314933843696716e-04
     3.92     0.248    1.8830394922455793e-01    2.2621564814302332e-04
     4.00     0.255    1.8828897751377777e-01    2.1479770820963240e-04
     4.12     0.261    1.8827497193401685e-01    2.2485774774799435e-04
     4.20     0.267    1.8827020414112819e-01    1.9220454088285095e-04
     4.32     0.276    1.8824248357576048e-01    1.7594507731629716e-04
     4.40     0.282    1.8821478385040707e-01    1.3919750537986136e-04
     4.52     0.292    1.8818503040778201e-01    1.4398319444086340e-04
     4.60     0.298    1.8817005901204245e-01    1.2064324597031549e-04
     4.72     0.306    1.8814962786100559e-01    1.7383093736363092e-04
     4.80     0.313    1.8814182811415708e-01    2.1163613618390895e-04
     4.92     0.323    1.8813473393947600e-01    1.0404896385952144e-04
     5.00     0.329    1.8813105218849022e-01    7.0971900063651698e-05
     5.12     0.340    1.8812955539742382e-01    9.5586227392293772e-05
     5.20     0.347    1.8812884023924700e-01    9.9714021836686662e-05
     5.32     0.357    1.8812478187946705e-01    5.3881207251334429e-05
     5.40     0.365    1.8812331650291622e-01    7.5734914684626127e-05
     5.52     0.374    1.8812237068610102e-01    1.0844786348929636e-04
     5.60     0.380    1.8812295111995753e-01    9.8255005837834001e-05
     5.72     0.389    1.8812468956329992e-01    1.6516392870476027e-04
     5.80     0.395    1.8812410550732458e-01    1.6290437781816793e-04
     5.92     0.405    1.8812241376277500e-01    1.2452396503423110e-04
     6.00     0.411    1.8812081020234536e-01    6.2808371077054025e-05
     6.12     0.421    1.8812080728461805e-01    6.3511942342420020e-05
     6.20     0.428    1.8812106642154036e-01    6.9650252908058468e-05
     6.32     0.438    1.8812146503687927e-01    7.9719393913656319e-05
     6.40     0.446    1.8812110349942368e-01    5.6590520304428189e-05
     6.52     0.456    1.8812078527851023e-01    5.2029769239991610e-05
     6.60     0.463    1.8812053247450347e-01    6.2019916009778314e-05
     6.72     0.471    1.8812055362601421e-01    5.3949502621122472e-05
     6.80     0.479    1.8812054058530414e-01    5.7589126556667842e-05
     6.92     0.488    1.8812041640089203e-01    4.9181166308348707e-05
     7.00     0.494    1.8812034432094307e-01    3.8213537496951639e-05
     7.12     0.505    1.8812027890386945e-01    2.8361962146615664e-05
     7.20     0.511    1.8812025470602090e-01    2.9164023606546047e-05
     7.32     0.520    1.8812014054302845e-01    1.2182894171821675e-05
     7.40     0.527    1.8812015586610922e-01    1.4741609257049830e-05
     7.52     0.538    1.8812011560384245e-01    6.3894525654004884e-06
     7.60     0.545    1.8812011575640897e-01    8.8091026583239581e-06
     7.72     0.555    1.8812012730449520e-01    7.1671025663017595e-06
     7.80     0.563    1.8812012494716998e-01    1.0894952318851064e-05
     7.92     0.574    1.8812012463657748e-01    8.1642982949895512e-06
     8.00     0.581    1.8812012297537606e-01    9.8174587672998222e-06
     8.12     0.590    1.8812011776183948e-01    1.0296272665426917e-05
     8.20     0.596    1.8812010968924339e-01    4.9413201097475290e-06
     8.32     0.607    1.8812010743946064e-01    3.1094599595559134e-06
     8.40     0.615    1.8812010665156009e-01    2.6320457011421262e-06
     8.52     0.626    1.8812010561999734e-01    2.1874195397679110e-06
     8.60     0.633    1.8812010552874531e-01    2.3259632751505433e-06
     8.72     0.643    1.8812010592438372e-01    2.0797143656475805e-06
     8.80     0.651    1.8812010561310483e-01    2.1088223224238937e-06
     8.92     0.660    1.8812010526888312e-01    1.3415505218812789e-06
     9.00     0.667    1.8812010525482739e-01    2.0032318311772625e-06
     9.12     0.678    1.8812010520161970e-01    1.1046659117871192e-06
     9.20     0.685    1.8812010500450749e-01    1.0243978845483380e-06
     9.32     0.695    1.8812010504107726e-01    1.3627664195903559e-06
     9.40     0.703    1.8812010515970978e-01    1.4569679129197332e-06
     9.52     0.713    1.8812010477969146e-01    6.4015434784784093e-07
     9.60     0.722    1.8812010474981780e-01    6.9345352582694480e-07
     9.72     0.734    1.8812010476555585e-01    6.1562663297319906e-07
     9.80     0.740    1.8812010477876578e-01    6.5270589327404968e-07
     9.92     0.752    1.8812010470438767e-01    5.9205036678753689e-07
    10.00     0.759    1.8812010475300120e-01    7.4096684687304320e-07
    10.12     0.770    1.8812010468420781e-01    3.8331944872476928e-07
    10.20     0.777    1.8812010466651974e-01    2.1735238562820643e-07
    10.32     0.788    1.8812010465788825e-01    2.9026066703332327e-07
    10.40     0.795    1.8812010466178888e-01    2.4058985010282397e-07
    10.52     0.806    1.8812010466517268e-01    2.0549901159443829e-07
    10.60     0.814    1.8812010466817911e-01    2.1352361230664990e-07
    10.72     0.826    1.8812010465222206e-01    1.7973816672743604e-07
    10.80     0.834    1.8812010464909112e-01    2.0655737582151346e-07
    10.92     0.846    1.8812010464795170e-01    1.3942823340882312e-07
    11.00     0.854    1.8812010464335618e-01    6.3757753265674939e-08
    11.12     0.865    1.8812010464331197e-01    7.6088131259384608e-08
    11.20     0.873    1.8812010464436227e-01    1.4699933508442574e-07
    11.32     0.884    1.8812010464330589e-01    8.6809693387660794e-08
    11.40     0.892    1.8812010464290652e-01    7.1335033319277195e-08
    11.52     0.904    1.8812010464286574e-01    9.1775383513688927e-08
    11.60     0.912    1.8812010464205908e-01    7.0349479216793431e-08
    11.72     0.924    1.8812010464329804e-01    9.1056643102666555e-08
    11.80     0.931    1.8812010464187229e-01    5.0915203787118917e-08
    11.92     0.943    1.8812010464153298e-01    3.5823726216131920e-08
    12.00     0.952    1.8812010464118675e-01    2.6752400648637101e-08
    12.12     0.962    1.8812010464117554e-01    2.8836429434046313e-08
    12.20     0.970    1.8812010464111650e-01    2.5692861505806428e-08
    12.32     0.981    1.8812010464092269e-01    1.6634090774104017e-08
    12.40     0.989    1.8812010464093676e-01    1.6085338636135835e-08
    12.52     1.001    1.8812010464094900e-01    1.8073702032672163e-08
    12.60     1.008    1.8812010464087614e-01    7.9955672944314899e-09
    12.72     1.018    1.8812010464094850e-01    1.5624090623159853e-08
    12.80     1.026    1.8812010464095774e-01    1.7096212574891040e-08
    12.92     1.038    1.8812010464091175e-01    1.3470992636918563e-08
    13.00     1.047    1.8812010464088677e-01    8.9005342978248957e-09
    13.12     1.060    1.8812010464087653e-01    6.2673927874769275e-09
    13.20     1.068    1.8812010464087375e-01    6.5533239506803981e-09
    13.32     1.081    1.8812010464087581e-01    8.3798491674608037e-09
    13.40     1.088    1.8812010464087181e-01    6.7902315990525251e-09
    13.52     1.098    1.8812010464086265e-01    2.3264670663975797e-09
    13.60     1.106    1.8812010464086348e-01    2.6319234859551420e-09
    13.72     1.117    1.8812010464086187e-01    1.4562256823433045e-09
    13.80     1.125    1.8812010464086321e-01    2.8421297110723385e-09
    13.92     1.137    1.8812010464086423e-01    2.7555240658028353e-09
    14.00     1.146    1.8812010464086248e-01    3.3611840065683751e-09
    14.12     1.158    1.8812010464086096e-01    1.7612897428769068e-09
    14.20     1.165    1.8812010464086079e-01    1.7063209294809886e-09
    14.32     1.177    1.8812010464086079e-01    1.8195764871400792e-09
    14.40     1.184    1.8812010464086076e-01    1.0253908953888500e-09
    14.52     1.195    1.8812010464086049e-01    1.0837837949201107e-09
    14.60     1.203    1.8812010464086040e-01    6.5252552041989830e-10
    14.72     1.216    1.8812010464086035e-01    3.9774031821999262e-10
    14.80     1.223    1.8812010464086032e-01    3.6352562922240851e-10
    14.92     1.237    1.8812010464086032e-01    2.4633204213941363e-10
    15.00     1.246    1.8812010464086040e-01    5.8238818698559637e-10
    15.12     1.256    1.8812010464086037e-01    4.1473889971069050e-10
    15.20     1.265    1.8812010464086032e-01    2.8844512123257847e-10
    15.32     1.275    1.8812010464086029e-01    1.4222644147682934e-10
    15.40     1.293    1.8812010464086029e-01    2.8588567433919477e-10
    15.52     1.312    1.8812010464086029e-01    1.1113092591346144e-10
    15.60     1.323    1.8812010464086026e-01    1.0817141031239626e-10
    15.72     1.339    1.8812010464086026e-01    1.1790703348157948e-10
    15.80     1.347    1.8812010464086026e-01    1.0820650601803478e-10
    15.92     1.361    1.8812010464086029e-01    7.9270866882089324e-11
    16.00     1.369    1.8812010464086029e-01    5.1501300833435007e-11
    16.12     1.382    1.8812010464086029e-01    6.1386124729532554e-11
    16.20     1.390    1.8812010464086026e-01    3.6494563793209363e-11
    16.32     1.402    1.8812010464086032e-01    4.5180828774294335e-11
    16.40     1.410    1.8812010464086024e-01    4.4303607213657921e-11
    16.52     1.422    1.8812010464086026e-01    3.6803257251306703e-11
    16.60     1.430    1.8812010464086029e-01    3.4025967292220308e-11
    16.72     1.442    1.8812010464086026e-01    2.2048492424655837e-11
    16.80     1.450    1.8812010464086029e-01    2.3388881834702970e-11
    16.92     1.462    1.8812010464086029e-01    2.2122938748395278e-11
    17.00     1.471    1.8812010464086026e-01    2.2098282801758700e-11
    17.12     1.485    1.8812010464086026e-01    1.5798987376062883e-11
    17.20     1.494    1.8812010464086029e-01    1.6752677973422715e-11
    17.32     1.508    1.8812010464086026e-01    1.1595234511050864e-11
    17.40     1.516    1.8812010464086026e-01    1.2860010365628449e-11
    17.52     1.530    1.8812010464086032e-01    1.6475593777448821e-11
    17.60     1.539    1.8812010464086026e-01    1.6380414026866044e-11
    17.72     1.552    1.8812010464086029e-01    1.5624690648567089e-11
    17.80     1.559    1.8812010464086029e-01    1.5267662730866077e-11
    17.92     1.571    1.8812010464086029e-01    1.6760176403739051e-11
    18.00     1.579    1.8812010464086029e-01    1.6711530718819569e-11
    18.12     1.590    1.8812010464086026e-01    1.5097965683653208e-11
    18.20     1.598    1.8812010464086029e-01    1.5105005875921344e-11
    18.32     1.611    1.8812010464086024e-01    1.5980861436688115e-11
    18.40     1.619    1.8812010464086029e-01    1.6044821321439893e-11
    18.52     1.630    1.8812010464086029e-01    1.5587601088357106e-11
    18.60     1.639    1.8812010464086029e-01    1.5610947464458989e-11
    18.72     1.650    1.8812010464086029e-01    1.5244183824601135e-11
    18.80     1.659    1.8812010464086024e-01    1.5252684579497144e-11
    18.92     1.671    1.8812010464086032e-01    1.5491367317079820e-11
    19.00     1.678    1.8812010464086026e-01    1.5381870297338611e-11
    19.12     1.691    1.8812010464086024e-01    1.5557509126516472e-11
    19.20     1.699    1.8812010464086029e-01    1.5665520846879616e-11
    19.32     1.710    1.8812010464086026e-01    1.4987878485235671e-11
    19.40     1.717    1.8812010464086024e-01    1.4986303634146290e-11
    19.52     1.730    1.8812010464086026e-01    1.6272753838728537e-11
    19.60     1.739    1.8812010464086029e-01    1.6274935261969907e-11
    19.72     1.750    1.8812010464086026e-01    1.4763004891910764e-11
    19.80     1.759    1.8812010464086026e-01    1.4756534129399881e-11
    19.92     1.770    1.8812010464086026e-01    1.7076851061969146e-11
    20.00     1.777    1.8812010464086029e-01    1.7546140997860209e-11
    20.12     1.790    1.8812010464086029e-01    1.4075604952965871e-11
    20.20     1.797    1.8812010464086029e-01    1.4120850981366056e-11
    20.32     1.808    1.8812010464086029e-01    1.8787892614824213e-11
    20.40     1.815    1.8812010464086029e-01    1.9201829908147569e-11
    20.52     1.827    1.8812010464086026e-01    1.4656715033675325e-11
    20.60     1.835    1.8812010464086029e-01    1.4633877471958924e-11
    20.72     1.847    1.8812010464086026e-01    1.8452829718342174e-11
    20.80     1.855    1.8812010464086029e-01    1.8791111629709047e-11
    20.92     1.867    1.8812010464086026e-01    1.5163407921802460e-11
    21.00     1.874    1.8812010464086024e-01    1.5341527774857333e-11
    21.12     1.885    1.8812010464086029e-01    1.9046525775217519e-11
    21.20     1.893    1.8812010464086032e-01    1.9408711168114145e-11
    21.32     1.904    1.8812010464086026e-01    1.4574361643820738e-11
    21.40     1.912    1.8812010464086032e-01    1.4633176069386291e-11
    21.52     1.922    1.8812010464086029e-01    1.9144857094839673e-11
    21.60     1.930    1.8812010464086029e-01    1.9947305356690214e-11
    21.72     1.942    1.8812010464086024e-01    1.4770766910409956e-11
    21.80     1.950    1.8812010464086029e-01    1.4922252545968950e-11
    21.92     1.962    1.8812010464086029e-01    2.0041936145219876e-11
    22.00     1.969    1.8812010464086026e-01    2.0095376829443656e-11
    22.12     1.981    1.8812010464086029e-01    1.5114214821512024e-11
    22.20     1.990    1.8812010464086026e-01    1.5122344769100647e-11
    22.32     2.003    1.8812010464086029e-01    1.9939039273966308e-11
    22.40     2.014    1.8812010464086026e-01    1.9951985918455206e-11
    22.52     2.025    1.8812010464086024e-01    1.5191078057204700e-11
    22.60     2.033    1.8812010464086024e-01    1.5286552045010496e-11
    22.72     2.045    1.8812010464086026e-01    2.0088429350013795e-11
    22.80     2.053    1.8812010464086032e-01    2.0103089518438066e-11
    22.92     2.065    1.8812010464086021e-01    1.5287618224015930e-11
    23.00     2.073    1.8812010464086026e-01    1.5304266375379275e-11
    23.12     2.084    1.8812010464086026e-01    2.0307696672818183e-11
    23.20     2.094    1.8812010464086026e-01    2.0325217412112801e-11
    23.32     2.106    1.8812010464086024e-01    1.5360552968333085e-11
    23.40     2.114    1.8812010464086029e-01    1.5369063652149301e-11
    23.52     2.128    1.8812010464086024e-01    2.0431203973260816e-11
    23.60     2.138    1.8812010464086029e-01    2.0464761138418337e-11
    23.72     2.149    1.8812010464086032e-01    1.5562428927655219e-11
    23.80     2.157    1.8812010464086026e-01    1.5575604516679430e-11
    23.92     2.169    1.8812010464086029e-01    2.0530899090466948e-11
    24.00     2.177    1.8812010464086029e-01    2.0530900301724063e-11
    24.12     2.190    1.8812010464086029e-01    1.5644529227453298e-11
    24.20     2.198    1.8812010464086029e-01    1.5646404211115011e-11
    24.32     2.210    1.8812010464086026e-01    2.0635809108314387e-11
    24.40     2.218    1.8812010464086026e-01    2.0635806817937297e-11
    24.52     2.230    1.8812010464086029e-01    1.5646455282119533e-11
    24.60     2.238    1.8812010464086029e-01    1.5646457643647390e-11
    24.72     2.250    1.8812010464086026e-01    2.0635807297357945e-11
    24.80     2.259    1.8812010464086026e-01    2.0635806950074437e-11
    24.92     2.271    1.8812010464086029e-01    1.5646459817133932e-11
    25.00     2.278    1.8812010464086029e-01    1.5646461028391047e-11
    25.12     2.289    1.8812010464086026e-01    2.0635807082211577e-11
    25.20     2.296    1.8812010464086026e-01    2.0635807663276179e-11
    25.32     2.307    1.8812010464086029e-01    1.5646462739397600e-11
    25.40     2.316    1.8812010464086029e-01    1.5646462737703534e-11
    25.52     2.329    1.8812010464086026e-01    2.0635807969902106e-11
    25.60     2.336    1.8812010464086026e-01    2.0635807688687167e-11
    25.72     2.348    1.8812010464086029e-01    1.5646461704323339e-11
    25.80     2.355    1.8812010464086029e-01    1.5646461704323339e-11
    25.92     2.367    1.8812010464086026e-01    2.0635806900946526e-11
    26.00     2.375    1.8812010464086026e-01    2.0635806900946526e-11
    26.12     2.386    1.8812010464086029e-01    1.5646461704323339e-11
    26.20     2.393    1.8812010464086029e-01    1.5646461704323339e-11
    26.32     2.404    1.8812010464086026e-01    2.0635806900946526e-11
    26.40     2.411    1.8812010464086026e-01    2.0635806900946526e-11
    26.52     2.422    1.8812010464086029e-01    1.5646461704323339e-11
    26.60     2.430    1.8812010464086029e-01    1.5646461704323339e-11
    26.72     2.443    1.8812010464086026e-01    2.0635806900946526e-11
    26.80     2.451    1.8812010464086026e-01    2.0635806900946526e-11
    26.92     2.462    1.8812010464086029e-01    1.5646461704323339e-11
    27.00     2.470    1.8812010464086029e-01    1.5646461704323339e-11
    27.12     2.482    1.8812010464086026e-01    2.0635806900946526e-11
    27.20     2.490    1.8812010464086026e-01    2.0635806900946526e-11
    27.32     2.500    1.8812010464086029e-01    1.5646461704323339e-11
    27.40     2.508    1.8812010464086029e-01    1.5646461704323339e-11
    27.52     2.518    1.8812010464086026e-01    2.0635806900946526e-11
    27.60     2.526    1.8812010464086026e-01    2.0635806900946526e-11
    27.72     2.538    1.8812010464086029e-01    1.5646461704323339e-11
    27.80     2.545    1.8812010464086029e-01    1.5646461704323339e-11
    27.92     2.556    1.8812010464086026e-01    2.0635806900946526e-11
    28.00     2.565    1.8812010464086026e-01    2.0635806900946526e-11
    28.12     2.577    1.8812010464086029e-01    1.5646461704323339e-11
    28.20     2.584    1.8812010464086029e-01    1.5646461704323339e-11
    28.32     2.595    1.8812010464086026e-01    2.0635806900946526e-11
    28.40     2.603    1.8812010464086026e-01    2.0635806900946526e-11
    28.52     2.614    1.8812010464086029e-01    1.5646461704323339e-11
    28.60     2.621    1.8812010464086029e-01    1.5646461704323339e-11
    28.72     2.633    1.8812010464086026e-01    2.0635806900946526e-11
    28.80     2.641    1.8812010464086026e-01    2.0635806900946526e-11
    28.92     2.654    1.8812010464086029e-01    1.5646461704323339e-11
    29.00     2.662    1.8812010464086029e-01    1.5646461704323339e-11
    29.12     2.672    1.8812010464086026e-01    2.0635806900946526e-11
    29.20     2.681    1.8812010464086026e-01    2.0635806900946526e-11
    29.32     2.693    1.8812010464086029e-01    1.5646461704323339e-11
    29.40     2.701    1.8812010464086029e-01    1.5646461704323339e-11
    29.52     2.712    1.8812010464086026e-01    2.0635806900946526e-11
    29.60     2.720    1.8812010464086026e-01    2.0635806900946526e-11
    29.72     2.731    1.8812010464086029e-01    1.5646461704323339e-11
    29.80     2.739    1.8812010464086029e-01    1.5646461704323339e-11
    29.92     2.750    1.8812010464086026e-01    2.0635806900946526e-11
    30.00     2.758    1.8812010464086026e-01    2.0635806900946526e-11
