    epoch   elapsed                       val                 norm_grad
     0.00     0.000    6.9314718055959967e-01    2.6901815054820177e-01
     1.00     0.019    4.4349016186897539e-01    8.1217886758438773e-02
     2.00     0.043    3.6749856171427248e-01    5.7893065950167535e-02
     3.00     0.061    3.3925520851761326e-01    2.9428120240333033e-02
     4.00     0.079    3.3068083874757298e-01    2.1062420835393558e-02
     5.00     0.097    3.3022619937144410e-01    2.7667934930583948e-02
     6.00     0.115    3.2507081087995354e-01    1.5533563747236329e-03
     7.00     0.134    3.2519959215658134e-01    9.6780555109071686e-03
     8.00     0.152    3.2481230734351202e-01    6.8609837027926446e-03
     9.00     0.169    3.2464786840298915e-01    5.5201200534489847e-03
    10.00     0.186    3.2446542564642716e-01    2.8994543444218479e-03
    11.00     0.202    3.2439115917556610e-01    5.7969014016623355e-04
    12.00     0.219    3.2437579177910819e-01    9.4871317654021681e-04
    13.00     0.237    3.2436185946874913e-01    7.4445081903229404e-04
    14.00     0.255    3.2435012474967173e-01    3.2858549316761021e-04
    15.00     0.273    3.2434199520351015e-01    2.8269470377934036e-04
    16.00     0.292    3.2433520707039731e-01    3.0234056432981715e-04
    17.00     0.311    3.2432936534962098e-01    2.2042282662420448e-04
    18.00     0.329    3.2432433357571577e-01    7.8263631840824743e-05
    19.00     0.346    3.2432008195552164e-01    7.0000641371414929e-05
    20.00     0.363    3.2431631087121943e-01    3.6287202554108333e-05
    21.00     0.380    3.2431289998966950e-01    2.9120751597666583e-05
    22.00     0.403    3.2430979654702086e-01    2.6962242925199220e-05
    23.00     0.419    3.2430697156292643e-01    2.4995994978960212e-05
    24.00     0.436    3.2430437656404937e-01    4.8412832851063570e-05
    25.00     0.454    3.2430196619850082e-01    3.9125585780119820e-05
    26.00     0.470    3.2429970442716172e-01    2.0595207091078649e-05
    27.00     0.487    3.2429759494946009e-01    2.6872057800941818e-05
    28.00     0.505    3.2429560604240737e-01    1.8408415555892788e-05
    29.00     0.525    3.2429371599955747e-01    1.7461898075721294e-05
    30.00     0.547    3.2429191239179567e-01    1.6615931702768094e-05
    31.00     0.565    3.2429017965874224e-01    1.7250358670839461e-05
    32.00     0.583    3.2428850519321001e-01    1.9789511720436082e-05
    33.00     0.600    3.2428730952048018e-01    2.4936520734319956e-05
    34.00     0.620    3.2428627855617637e-01    2.4064243641763738e-05
    35.00     0.637    3.2428530893076918e-01    1.4815337798346206e-05
    36.00     0.654    3.2428441830696320e-01    3.0825651382349051e-05
    37.00     0.670    3.2428355540925446e-01    2.4967701913736207e-05
    38.00     0.688    3.2428274207603131e-01    1.0938153808481843e-05
    39.00     0.707    3.2428198290255056e-01    1.0344099145687125e-05
    40.01     0.725    3.2428126046084993e-01    1.0514711843656599e-05
    41.01     0.744    3.2428056236557945e-01    9.3522968294124098e-06
    42.01     0.763    3.2427988248911899e-01    8.9719592459847064e-06
    43.01     0.780    3.2427921902389761e-01    8.6553112885745520e-06
    44.01     0.796    3.2427861580602302e-01    8.3855478849592657e-06
    45.01     0.812    3.2427812848556548e-01    8.9825308364037404e-06
    46.01     0.827    3.2427772388251630e-01    7.7497021540029465e-06
    47.01     0.843    3.2427739347047974e-01    9.0539650874355004e-06
    48.01     0.860    3.2427711993003200e-01    9.6506649878147499e-06
    49.01     0.876    3.2427688705130603e-01    6.5227665295708448e-06
    50.01     0.891    3.2427668614653632e-01    7.6036721292638276e-06
    51.01     0.907    3.2427650781580103e-01    5.7268194160187136e-06
    52.01     0.925    3.2427635156156659e-01    5.3444641667788062e-06
    53.01     0.942    3.2427621333112572e-01    9.2977779473368827e-06
    54.01     0.959    3.2427609026128401e-01    8.5146249149507802e-06
    55.01     0.977    3.2427598013594616e-01    4.4794781173251863e-06
    56.01     0.996    3.2427588210440672e-01    6.4484960851096673e-06
    57.01     1.012    3.2427579621000474e-01    3.8853622938983534e-06
    58.01     1.028    3.2427572543446709e-01    3.7846037439503988e-06
    59.01     1.043    3.2427566554857667e-01    5.6955678381237496e-06
    60.01     1.059    3.2427561455170811e-01    4.5753855517638442e-06
    61.01     1.088    3.2427557109012478e-01    3.4864313093185828e-06
    62.01     1.119    3.2427553374021267e-01    3.3943150221649177e-06
    63.01     1.142    3.2427550105118114e-01    3.3058901087734682e-06
    64.01     1.167    3.2427547248035532e-01    3.2190333412174255e-06
    65.01     1.192    3.2427544727186131e-01    3.1345376840796746e-06
    66.01     1.220    3.2427542475271715e-01    3.0534011429272923e-06
    67.01     1.242    3.2427540462937349e-01    2.9733452789892922e-06
    68.01     1.266    3.2427538655006199e-01    2.8955403076347253e-06
    69.01     1.288    3.2427537033243159e-01    3.4237883395071833e-06
    70.01     1.313    3.2427535553766113e-01    2.7462122769161823e-06
    71.01     1.338    3.2427534209451880e-01    2.6749159054428873e-06
    72.01     1.359    3.2427532987641577e-01    2.6062745447363866e-06
    73.01     1.377    3.2427531872245846e-01    2.5391077250747074e-06
    74.01     1.395    3.2427530846723868e-01    2.4745909685819356e-06
    75.01     1.413    3.2427529900632834e-01    2.4113816420312517e-06
    76.01     1.430    3.2427529021145385e-01    2.3485369843312398e-06
    77.01     1.448    3.2427528210504164e-01    2.2882754086017698e-06
    78.01     1.465    3.2427527460051081e-01    2.2295484872758564e-06
    79.01     1.482    3.2427526761744813e-01    2.1723006649043697e-06
    80.01     1.498    3.2427526115202721e-01    2.1163819002856243e-06
    81.01     1.513    3.2427525513336108e-01    2.0627415137086658e-06
    82.01     1.530    3.2427524947244735e-01    2.0095227590832820e-06
    83.01     1.547    3.2427524419904385e-01    1.9575861330833888e-06
    84.01     1.564    3.2427523922986740e-01    1.9070688576094952e-06
    85.01     1.581    3.2427523453717072e-01    1.8567322194185110e-06
    86.01     1.608    3.2427523009391707e-01    1.8072705125771193e-06
    87.01     1.631    3.2427522592449493e-01    1.7588941406687653e-06
    88.01     1.655    3.2427522209286042e-01    1.7146964246261831e-06
    89.01     1.671    3.2427521855052049e-01    1.6704164288450229e-06
    90.01     1.689    3.2427521522721175e-01    1.6283573734954260e-06
    91.01     1.708    3.2427521211323546e-01    1.5873652136066951e-06
    92.01     1.725    3.2427520918996672e-01    1.5475568878597912e-06
    93.01     1.741    3.2427520642709123e-01    1.5086410124487415e-06
    94.01     1.756    3.2427520381223385e-01    1.4706502843297997e-06
    95.01     1.772    3.2427520136796306e-01    1.4339365361770717e-06
    96.01     1.788    3.2427519905355517e-01    1.3981960836906282e-06
    97.01     1.806    3.2427519686366996e-01    1.3632157179754856e-06
    98.01     1.823    3.2427519478302491e-01    1.3287319234889239e-06
    99.01     1.840    3.2427519281719897e-01    1.2953445189811674e-06
   100.01     1.855    3.2427519094515567e-01    1.2623478321538428e-06
   101.01     1.871    3.2427518917307407e-01    1.2303638866617561e-06
   102.01     1.888    3.2427518750864837e-01    1.1994475563881224e-06
   103.01     1.906    3.2427518595031024e-01    1.1696886976775289e-06
   104.01     1.924    3.2427518447021503e-01    1.1405365412109347e-06
   105.01     1.942    3.2427518306142283e-01    1.1121474607911352e-06
   106.01     1.958    3.2427518172429898e-01    1.0841919620974139e-06
   107.01     1.974    3.2427518045816806e-01    1.0569225382672798e-06
   108.01     1.989    3.2427517926191057e-01    1.0307701389100643e-06
   109.01     2.006    3.2427517813512358e-01    1.0052027612506009e-06
   110.01     2.023    3.2427517706117071e-01    9.8053290653599134e-07
   111.01     2.040    3.2427517604167549e-01    9.5614052197934285e-07
   112.01     2.058    3.2427517507264403e-01    9.3252934307841429e-07
   113.01     2.076    3.2427517415568480e-01    9.0960673782003454e-07
   114.01     2.091    3.2427517328625632e-01    8.8701066713881005e-07
   115.01     2.107    3.2427517245903598e-01    8.6509137819934523e-07
   116.01     2.123    3.2427517167428815e-01    8.4368918340516075e-07
   117.01     2.140    3.2427517092709784e-01    8.2284504510088397e-07
   118.01     2.157    3.2427517022308527e-01    8.0256517376309233e-07
   119.01     2.175    3.2427516955175978e-01    7.8284088467217572e-07
   120.01     2.192    3.2427516891337688e-01    7.6352103195453935e-07
   121.01     2.209    3.2427516830455433e-01    7.4454326448591956e-07
   122.01     2.226    3.2427516772176340e-01    7.2585958243998050e-07
   123.01     2.241    3.2427516716259058e-01    7.0753585079685877e-07
   124.01     2.257    3.2427516663299100e-01    6.8971702349429620e-07
   125.01     2.274    3.2427516612883345e-01    6.7244973933622276e-07
   126.01     2.292    3.2427516566204889e-01    6.5588045095044123e-07
   127.01     2.310    3.2427516521528854e-01    6.3968144980997010e-07
   128.01     2.327    3.2427516479041046e-01    6.2403754308437698e-07
   129.01     2.343    3.2427516439042225e-01    6.0886646291447022e-07
   130.01     2.359    3.2427516400799888e-01    5.9391572670985937e-07
   131.01     2.374    3.2427516364472075e-01    5.7937627528925617e-07
   132.01     2.391    3.2427516329524309e-01    5.6497833589297386e-07
   133.01     2.409    3.2427516296282383e-01    5.5102923535166326e-07
   134.01     2.427    3.2427516264774270e-01    5.3741947847463223e-07
   135.01     2.444    3.2427516235096804e-01    5.2431423958054779e-07
   136.01     2.460    3.2427516206850060e-01    5.1158682734531169e-07
   137.01     2.475    3.2427516179860522e-01    4.9899259357832904e-07
   138.01     2.492    3.2427516154202857e-01    4.8677532216157005e-07
   139.01     2.510    3.2427516129631601e-01    4.7474565667560142e-07
   140.01     2.527    3.2427516106366289e-01    4.6312976098583647e-07
   141.01     2.547    3.2427516084304192e-01    4.5174921781132582e-07
   142.01     2.566    3.2427516063089523e-01    4.4054724257502897e-07
   143.01     2.582    3.2427516042969801e-01    4.2977515923858789e-07
   144.02     2.598    3.2427516024043740e-01    4.1924938265491818e-07
   145.02     2.613    3.2427516005966861e-01    4.0897893427427334e-07
   146.02     2.632    3.2427515988731664e-01    3.9902373494271615e-07
   147.02     2.649    3.2427515972460358e-01    3.8924703460452292e-07
   148.02     2.667    3.2427515956927855e-01    3.7976422995189552e-07
   149.02     2.684    3.2427515942069723e-01    3.7045634482257839e-07
   150.02     2.700    3.2427515927877337e-01    3.6133111658287476e-07
   151.02     2.715    3.2427515914317062e-01    3.5242237228505502e-07
   152.02     2.731    3.2427515901517340e-01    3.4376394031365720e-07
   153.02     2.748    3.2427515889305919e-01    3.3529667087250914e-07
   154.02     2.766    3.2427515877676927e-01    3.2699764729304803e-07
   155.02     2.784    3.2427515866727713e-01    3.1903217645457005e-07
   156.02     2.801    3.2427515856233147e-01    3.1122596988453211e-07
   157.02     2.817    3.2427515846168675e-01    3.0355137914384045e-07
   158.02     2.833    3.2427515836564441e-01    2.9605356799411453e-07
   159.02     2.850    3.2427515827525460e-01    2.8875115776205718e-07
   160.02     2.867    3.2427515818879415e-01    2.8162817344856705e-07
   161.02     2.885    3.2427515810694590e-01    2.7479509490113685e-07
   162.02     2.902    3.2427515802922402e-01    2.6807916508886365e-07
   163.02     2.919    3.2427515795577444e-01    2.6151864307433215e-07
   164.02     2.935    3.2427515788542349e-01    2.5511467072192318e-07
   165.02     2.950    3.2427515781850053e-01    2.4893070149634156e-07
   166.02     2.966    3.2427515775462196e-01    2.4284099198190745e-07
   167.02     2.983    3.2427515769408821e-01    2.3688704609003963e-07
   168.02     3.001    3.2427515763602782e-01    2.3106227842184524e-07
   169.02     3.017    3.2427515758060566e-01    2.2536427823904859e-07
   170.02     3.034    3.2427515752781882e-01    2.1979066799904245e-07
   171.02     3.052    3.2427515747725350e-01    2.1435324981666781e-07
   172.02     3.068    3.2427515742882568e-01    2.0898199615260182e-07
   173.02     3.084    3.2427515738356838e-01    2.0389796251407688e-07
   174.02     3.101    3.2427515734090939e-01    1.9888880853358160e-07
   175.02     3.119    3.2427515730014411e-01    1.9403441342547012e-07
   176.02     3.136    3.2427515726123352e-01    1.8928233658233040e-07
   177.02     3.153    3.2427515722416672e-01    1.8461816164716538e-07
   178.02     3.168    3.2427515718876510e-01    1.8012513380849526e-07
   179.02     3.184    3.2427515715522981e-01    1.7565814114384182e-07
   180.02     3.201    3.2427515712295818e-01    1.7128012186340413e-07
   181.02     3.219    3.2427515709225541e-01    1.6704225902497427e-07
   182.02     3.238    3.2427515706370452e-01    1.6298408156423250e-07
   183.02     3.256    3.2427515703628690e-01    1.5901400352014150e-07
   184.02     3.272    3.2427515701015192e-01    1.5516979035012923e-07
   185.02     3.287    3.2427515698527803e-01    1.5134653341686288e-07
   186.02     3.307    3.2427515696154230e-01    1.4764256750510185e-07
   187.02     3.332    3.2427515693909470e-01    1.4408015014399922e-07
   188.02     3.358    3.2427515691770353e-01    1.4053098429389621e-07
   189.02     3.384    3.2427515689737046e-01    1.3712469804083582e-07
   190.02     3.410    3.2427515687818792e-01    1.3382215313662016e-07
   191.02     3.435    3.2427515685988778e-01    1.3058204140214968e-07
   192.02     3.458    3.2427515684236186e-01    1.2741814903183268e-07
   193.02     3.483    3.2427515682578523e-01    1.2434582019604790e-07
   194.02     3.508    3.2427515680997759e-01    1.2134396520924184e-07
   195.02     3.532    3.2427515679488683e-01    1.1840469926749364e-07
   196.02     3.557    3.2427515678059898e-01    1.1554085654896795e-07
   197.02     3.582    3.2427515676682833e-01    1.1270929789475304e-07
   198.02     3.608    3.2427515675385843e-01    1.0999739830097610e-07
   199.02     3.632    3.2427515674150126e-01    1.0734775135468055e-07
   200.02     3.657    3.2427515672967644e-01    1.0474498990387104e-07
   201.02     3.684    3.2427515671841639e-01    1.0220662427506966e-07
   202.02     3.707    3.2427515670763774e-01    9.9691192301243348e-08
   203.02     3.732    3.2427515669734414e-01    9.7232225160226449e-08
   204.02     3.759    3.2427515668742818e-01    9.4818791818163106e-08
   205.02     3.783    3.2427515667814416e-01    9.2501756920881917e-08
   206.02     3.807    3.2427515666934459e-01    9.0277114228598521e-08
   207.02     3.832    3.2427515666095785e-01    8.8069138537427705e-08
   208.02     3.856    3.2427515665293610e-01    8.5924001025361463e-08
   209.02     3.882    3.2427515664539963e-01    8.3850063226087457e-08
   210.02     3.909    3.2427515663823259e-01    8.1822495223704550e-08
   211.02     3.936    3.2427515663137946e-01    7.9846962153240497e-08
   212.02     3.960    3.2427515662480982e-01    7.7908828721717782e-08
   213.02     3.986    3.2427515661856521e-01    7.6015801320217236e-08
   214.02     4.012    3.2427515661266887e-01    7.4194733690191583e-08
   215.02     4.036    3.2427515660705686e-01    7.2396375006000824e-08
   216.02     4.060    3.2427515660167322e-01    7.0628101922487474e-08
   217.02     4.086    3.2427515659652617e-01    6.8910754102979865e-08
   218.02     4.111    3.2427515659166628e-01    6.7248537072295278e-08
   219.02     4.136    3.2427515658704004e-01    6.5627840828419437e-08
   220.02     4.161    3.2427515658263900e-01    6.4039517355674036e-08
   221.02     4.185    3.2427515657840422e-01    6.2473167972143528e-08
   222.02     4.209    3.2427515657440442e-01    6.0976200533247038e-08
   223.02     4.235    3.2427515657059858e-01    5.9493140414090817e-08
   224.02     4.261    3.2427515656695272e-01    5.8034894001579573e-08
   225.02     4.285    3.2427515656346312e-01    5.6609700482823655e-08
   226.02     4.309    3.2427515656011774e-01    5.5204543492060054e-08
   227.02     4.338    3.2427515655694394e-01    5.3848310477278005e-08
   228.02     4.361    3.2427515655396194e-01    5.2541975659181617e-08
   229.02     4.386    3.2427515655113215e-01    5.1267350809069967e-08
   230.02     4.411    3.2427515654842781e-01    5.0018434616383445e-08
   231.02     4.437    3.2427515654582983e-01    4.8800074536892168e-08
   232.02     4.460    3.2427515654335803e-01    4.7596411367756275e-08
   233.02     4.484    3.2427515654102895e-01    4.6450556068222681e-08
   234.02     4.509    3.2427515653882572e-01    4.5336851939303813e-08
   235.02     4.534    3.2427515653673195e-01    4.4250867969886087e-08
   236.02     4.558    3.2427515653473260e-01    4.3182062037239177e-08
   237.02     4.582    3.2427515653282191e-01    4.2134333688714776e-08
   238.03     4.606    3.2427515653099576e-01    4.1108965120884022e-08
   239.03     4.633    3.2427515652925265e-01    4.0109245480479672e-08
   240.03     4.658    3.2427515652759270e-01    3.9127076245648595e-08
   241.03     4.683    3.2427515652602418e-01    3.8184592265899653e-08
