    epoch   elapsed                       val                 norm_grad
     0.00     0.000    6.9314718055802804e-01    2.7190488320378924e-02
     1.00     0.316    5.6131151710803240e-01    1.1164226014893419e-02
     2.00     0.666    5.6633633256233895e-01    6.6419409448693401e-02
     3.00     1.014    5.3533044649010808e-01    3.6892765707096653e-02
     4.00     1.325    5.4181995495966218e-01    5.6962833566482907e-02
     5.00     1.652    5.4483436679660457e-01    8.0568489655745701e-02
     6.00     1.949    5.2593547991230138e-01    3.5963977042147155e-02
     7.00     2.246    5.3193722471482663e-01    4.4387909148715043e-02
     8.00     2.544    5.1625184070608410e-01    1.4834703375231406e-02
     9.00     2.841    5.2179118722821893e-01    2.5938559758342583e-02
    10.00     3.140    5.1566985769062312e-01    1.3273778561054939e-02
    11.00     3.461    5.1531268028004085e-01    1.9074431958608251e-02
    12.00     3.771    5.1434282216799632e-01    9.0566469864833410e-03
    13.00     4.101    5.1430841715331133e-01    8.9884660104191383e-03
    14.00     4.439    5.1373185485024120e-01    7.9080110561419864e-04
    15.00     4.659    5.1385399402496246e-01    4.1739414898997462e-03
    16.00     4.997    5.1370641371901327e-01    1.7580170442563769e-03
    17.00     5.333    5.1367850638325629e-01    5.8128425749331969e-04
    18.00     5.665    5.1369699399283286e-01    2.4547073922134288e-03
    19.00     5.997    5.1367446911079506e-01    6.3559510832213173e-04
    20.00     6.307    5.1367270275253485e-01    6.6746001722783888e-04
    21.00     6.602    5.1366833624651986e-01    9.5187330143353677e-05
    22.00     6.868    5.1366783663668325e-01    2.3519785513181901e-04
    23.00     7.165    5.1366767069728636e-01    4.6442240045863059e-04
    24.00     7.458    5.1366636317892800e-01    1.0737624526857559e-04
    25.00     7.750    5.1366596704883227e-01    2.0870734057165663e-04
    26.00     8.043    5.1366531602711041e-01    2.5681544865541195e-05
    27.00     8.336    5.1366485307681675e-01    7.8733247649509508e-05
    28.00     8.584    5.1366442797774226e-01    1.1322192524332308e-04
    29.00     8.805    5.1366404063055482e-01    3.8074393527487427e-05
    30.00     9.010    5.1366376930551683e-01    1.1195303997180162e-04
    31.00     9.214    5.1366337179457755e-01    1.7496720521759102e-05
    32.00     9.417    5.1366305878697527e-01    2.5225876755741172e-05
    33.00     9.622    5.1366276041223291e-01    4.4738410810651885e-05
    34.00     9.826    5.1366245941627853e-01    1.0150689828847259e-05
    35.00    10.031    5.1366217389198410e-01    7.2650576666277722e-06
    36.00    10.237    5.1366189674523033e-01    6.1544966763471542e-06
    37.00    10.443    5.1366170479052087e-01    2.7303809685186309e-05
    38.00    10.649    5.1366156021163978e-01    1.8878611711237170e-05
    39.00    10.886    5.1366143016616328e-01    1.1977398911788839e-05
    40.00    11.186    5.1366130966796919e-01    8.2599411737049877e-06
    41.00    11.489    5.1366122766547995e-01    7.1773808301145436e-06
    42.00    11.782    5.1366115302108417e-01    7.6008380700542943e-06
    43.00    12.105    5.1366108194227855e-01    6.4167131448300552e-06
    44.00    12.403    5.1366101631164307e-01    1.6741041689805058e-05
    45.00    12.696    5.1366095301321457e-01    4.5026079978360833e-06
    46.00    13.014    5.1366089450714481e-01    2.1352749424718986e-06
    47.00    13.241    5.1366083962718756e-01    4.9739908432044899e-06
    48.00    13.455    5.1366078783284264e-01    2.4683344959086639e-06
    49.00    13.668    5.1366073913710808e-01    1.9460548426053492e-06
    50.00    13.882    5.1366069379358548e-01    1.6794932999886214e-06
    51.00    14.084    5.1366066529757093e-01    9.8139158053456299e-06
    52.00    14.284    5.1366063804936812e-01    4.9088568996324966e-06
    53.00    14.494    5.1366061342180624e-01    5.2605093010527071e-06
    54.00    14.695    5.1366059096980954e-01    2.7578017531837418e-06
    55.00    14.894    5.1366057044432967e-01    5.2816614157791264e-06
    56.00    15.093    5.1366055152937162e-01    1.3724242953205845e-06
    57.00    15.291    5.1366053422778568e-01    6.4228744180161446e-07
    58.00    15.484    5.1366051841359983e-01    3.2916687908723929e-06
    59.00    15.671    5.1366050379346861e-01    4.9536989266130149e-07
    60.00    15.863    5.1366049042694095e-01    5.8149934289986049e-07
    61.00    16.068    5.1366047820621774e-01    8.6208405137427890e-07
    62.00    16.261    5.1366046701688595e-01    5.0495122146110294e-07
    63.00    16.448    5.1366045676955507e-01    4.1903774139484540e-07
    64.00    16.636    5.1366044745842243e-01    1.1556767836040649e-06
    65.00    16.822    5.1366043893173829e-01    1.1267994013408611e-06
    66.00    17.033    5.1366043117703464e-01    4.2451826942624393e-07
    67.00    17.230    5.1366042412041379e-01    3.5115524710249701e-07
    68.00    17.416    5.1366041791087280e-01    3.6679383154381018e-07
    69.00    17.606    5.1366041230194170e-01    9.6868255106130619e-07
    70.00    17.831    5.1366040719272588e-01    9.7309737245865335e-07
    71.00    18.044    5.1366040252003897e-01    2.9370023035824033e-07
    72.00    18.246    5.1366039828511068e-01    5.9968143251154515e-07
    73.00    18.468    5.1366039444701639e-01    3.1399369060380877e-07
    74.00    18.681    5.1366039096171434e-01    4.7476333175922036e-07
    75.00    18.879    5.1366038781482559e-01    3.8861938425616138e-07
    76.00    19.103    5.1366038494190691e-01    3.2752197398622229e-07
    77.00    19.311    5.1366038233992928e-01    2.2212119787923257e-07
    78.00    19.509    5.1366037998838354e-01    2.1179171838525690e-07
    79.00    19.707    5.1366037785311502e-01    2.0182463522644412e-07
    80.00    19.901    5.1366037591924718e-01    2.1097478800080616e-07
    81.00    20.111    5.1366037416817389e-01    1.9866442191318612e-07
    82.00    20.323    5.1366037258749886e-01    1.7425199416720716e-07
    83.00    20.520    5.1366037115923480e-01    1.6584252904294772e-07
    84.00    20.708    5.1366036987196195e-01    4.0572781401237989e-07
    85.00    20.920    5.1366036870459009e-01    2.5603593556411397e-07
    86.00    21.118    5.1366036765036993e-01    1.5565266409112155e-07
    87.00    21.307    5.1366036669760629e-01    1.3570685730712739e-07
    88.00    21.526    5.1366036583948904e-01    1.2900103385504735e-07
    89.00    21.731    5.1366036506436497e-01    1.2258619008775895e-07
    90.00    21.919    5.1366036436715035e-01    1.1648252495888300e-07
    91.00    22.130    5.1366036374197510e-01    1.6285539938820648e-07
    92.00    22.328    5.1366036317692287e-01    1.9996732447680188e-07
    93.00    22.517    5.1366036266659287e-01    9.9865149039146672e-08
    94.00    22.710    5.1366036220654510e-01    9.4798149774533158e-08
    95.00    22.932    5.1366036179185304e-01    8.9963835492312683e-08
    96.00    23.143    5.1366036141946980e-01    1.0969292318918633e-07
    97.00    23.342    5.1366036108225588e-01    9.1998233031631571e-08
    98.00    23.573    5.1366036077899790e-01    9.8169599560549159e-08
    99.00    23.795    5.1366036050548891e-01    1.5747221304707182e-07
   100.00    23.993    5.1366036026111550e-01    1.6068121233558941e-07
   101.00    24.186    5.1366036004401217e-01    1.2881060396097155e-07
   102.00    24.382    5.1366035984765990e-01    6.2024131608495736e-08
   103.00    24.576    5.1366035967073953e-01    5.8787003709426244e-08
   104.00    24.769    5.1366035951242583e-01    7.2083162550029556e-08
   105.00    24.952    5.1366035937041232e-01    6.2966393876706661e-08
   106.00    25.163    5.1366035924250764e-01    5.0080302571586799e-08
   107.00    25.368    5.1366035912886843e-01    4.7498661004397036e-08
   108.00    25.561    5.1366035902634744e-01    4.7306236261590584e-08
   109.00    25.778    5.1366035893375794e-01    4.4413630106987512e-08
   110.00    25.975    5.1366035885082961e-01    4.0429165792943422e-08
   111.00    26.162    5.1366035877623850e-01    3.8297491400385297e-08
   112.00    26.374    5.1366035870961946e-01    3.6287014282265773e-08
   113.00    26.570    5.1366035864965187e-01    3.4373455193303926e-08
   114.00    26.756    5.1366035859578396e-01    4.3060501830893827e-08
   115.00    26.968    5.1366035854751380e-01    3.0829689023903484e-08
   116.00    27.154    5.1366035850417602e-01    4.7587098706003417e-08
   117.00    27.375    5.1366035846549374e-01    3.0135154108212880e-08
   118.00    27.583    5.1366035843085844e-01    3.0382825144670278e-08
   119.00    27.781    5.1366035839978164e-01    2.4828556988154560e-08
   120.00    28.004    5.1366035837186164e-01    2.3516058433870057e-08
   121.00    28.213    5.1366035834672841e-01    2.2265428611945026e-08
   122.00    28.412    5.1366035832424539e-01    2.1082760426338609e-08
   123.00    28.606    5.1366035830418677e-01    1.9968714681795063e-08
   124.00    28.800    5.1366035828615220e-01    1.8908687948737679e-08
   125.00    28.995    5.1366035826992473e-01    5.0499433079664868e-08
   126.00    29.189    5.1366035825535594e-01    2.8395671591852079e-08
   127.00    29.418    5.1366035824239620e-01    5.5472198390305039e-08
   128.00    29.643    5.1366035823075895e-01    1.5181488066673410e-08
   129.00    29.834    5.1366035822031042e-01    2.3132733950603779e-08
   130.00    30.022    5.1366035821098543e-01    1.3606548776579075e-08
   131.00    30.207    5.1366035820261446e-01    1.2884328270956757e-08
   132.00    30.393    5.1366035819516476e-01    1.8058051054481439e-08
   133.00    30.580    5.1366035818846634e-01    1.7365619164877444e-08
   134.00    30.766    5.1366035818244882e-01    1.0943312034328301e-08
   135.00    30.953    5.1366035817703293e-01    1.0355940105455375e-08
   136.00    31.144    5.1366035817216549e-01    2.3675815086221519e-08
   137.00    31.336    5.1366035816781452e-01    9.2723055900023610e-09
   138.00    31.525    5.1366035816392552e-01    8.7740996690399697e-09
   139.00    31.717    5.1366035816042455e-01    8.3020808006040170e-09
   140.00    31.916    5.1366035815730449e-01    8.9591800644939212e-09
   141.00    32.128    5.1366035815450983e-01    7.4378316838874525e-09
   142.00    32.322    5.1366035815200983e-01    1.8124340250835758e-08
   143.00    32.518    5.1366035814977062e-01    6.6597465320228366e-09
   144.00    32.715    5.1366035814776478e-01    6.3003149364249111e-09
   145.00    32.927    5.1366035814598454e-01    5.9627591753041997e-09
   146.00    33.124    5.1366035814439281e-01    5.6453384189580902e-09
   147.00    33.322    5.1366035814293720e-01    7.1254264710773896e-09
   148.00    33.534    5.1366035814166111e-01    5.0558899289399051e-09
   149.00    33.737    5.1366035814049815e-01    4.7821089310673415e-09
   150.00    33.938    5.1366035813944488e-01    7.5320745196449934e-09
   151.00    34.137    5.1366035813851818e-01    4.6518682239593545e-09
   152.00    34.324    5.1366035813770927e-01    9.9513348672530810e-09
   153.00    34.508    5.1366035813694921e-01    7.0114403172283346e-09
   154.00    34.694    5.1366035813628397e-01    4.3006957994862205e-09
   155.00    34.879    5.1366035813568711e-01    4.4520276631931921e-09
   156.00    35.078    5.1366035813515021e-01    5.0582120159070598e-09
   157.00    35.275    5.1366035813467725e-01    4.8274841901729815e-09
   158.00    35.469    5.1366035813427002e-01    3.9297107790048358e-09
   159.00    35.653    5.1366035813386335e-01    2.7481217301783545e-09
   160.00    35.837    5.1366035813352129e-01    3.4413840666047690e-09
   161.00    36.024    5.1366035813324185e-01    2.4588473479525419e-09
   162.00    36.210    5.1366035813295319e-01    2.3275870120187392e-09
   163.00    36.398    5.1366035813268951e-01    5.1174078308235948e-09
   164.00    36.599    5.1366035813247790e-01    2.0849419968271832e-09
   165.00    36.801    5.1366035813230171e-01    1.9736177137019695e-09
   166.00    36.997    5.1366035813211575e-01    1.8683756763948622e-09
   167.00    37.195    5.1366035813196553e-01    2.0908421660692511e-09
   168.00    37.411    5.1366035813182909e-01    1.6726175999792758e-09
   169.00    37.608    5.1366035813171762e-01    1.5820429410950965e-09
   170.00    37.804    5.1366035813158062e-01    1.4958310146084841e-09
   171.00    38.001    5.1366035813146793e-01    1.4144703186502738e-09
   172.00    38.198    5.1366035813140476e-01    1.3372360996299903e-09
   173.00    38.429    5.1366035813130895e-01    1.6961481108523913e-09
   174.00    38.656    5.1366035813124833e-01    1.5523244911719303e-09
   175.00    39.018    5.1366035813118782e-01    2.2940795929571323e-09
   176.00    39.291    5.1366035813110489e-01    1.0741807443537255e-09
   177.00    39.620    5.1366035813106836e-01    1.0169127762083008e-09
   178.00    39.905    5.1366035813101585e-01    1.1129515087304753e-09
   179.00    40.252    5.1366035813098054e-01    9.1100815780009725e-10
   180.00    40.589    5.1366035813093613e-01    8.6228801876586658e-10
   181.00    40.939    5.1366035813090072e-01    1.3396741493920672e-09
   182.00    41.257    5.1366035813088029e-01    1.5533503372466839e-09
   183.00    41.555    5.1366035813085265e-01    7.3105432818465488e-10
   184.00    41.855    5.1366035813082433e-01    8.5258999860116091e-10
   185.00    42.151    5.1366035813081379e-01    6.5513994229604577e-10
   186.00    42.442    5.1366035813075939e-01    6.2006577650208783e-10
   187.00    42.720    5.1366035813075994e-01    6.8098060523880122e-10
   188.00    43.013    5.1366035813077271e-01    1.2286767159253031e-09
   189.00    43.300    5.1366035813072353e-01    5.2541437867148488e-10
   190.00    43.511    5.1366035813071298e-01    4.9714365957242990e-10
   191.00    43.723    5.1366035813070365e-01    4.7052139962033834e-10
   192.00    43.934    5.1366035813070765e-01    4.4529890885769419e-10
   193.00    44.139    5.1366035813069322e-01    4.5653969493741897e-10
   194.00    44.347    5.1366035813069322e-01    3.9832848131027276e-10
   195.00    44.548    5.1366035813069810e-01    6.2113425514098708e-10
   196.00    44.744    5.1366035813067024e-01    3.5632119477213564e-10
   197.00    44.948    5.1366035813067246e-01    3.3722713510542235e-10
   198.00    45.137    5.1366035813066657e-01    7.2627859282192730e-10
   199.00    45.333    5.1366035813063804e-01    3.2502267544032293e-10
   200.00    45.528    5.1366035813062949e-01    1.2691554474031363e-09
   201.00    45.814    5.1366035813065902e-01    1.0302558806074558e-09
   202.00    46.098    5.1366035813063493e-01    5.5876814286648369e-10
   203.00    46.404    5.1366035813065436e-01    2.4228086203947896e-10
   204.00    46.689    5.1366035813064692e-01    2.2927970633190853e-10
   205.00    46.974    5.1366035813064725e-01    2.1697665886222239e-10
   206.00    47.275    5.1366035813064992e-01    2.0532198163891735e-10
   207.00    47.567    5.1366035813064759e-01    2.3496316003956963e-10
   208.00    47.858    5.1366035813063826e-01    1.8381207667061972e-10
   209.00    48.073    5.1366035813063837e-01    1.7393197992987552e-10
   210.00    48.282    5.1366035813065136e-01    1.6468426622395782e-10
   211.00    48.492    5.1366035813063082e-01    1.6069368058424516e-10
   212.00    48.715    5.1366035813063260e-01    1.4752110644167260e-10
   213.00    48.941    5.1366035813062227e-01    2.3541968374729549e-10
   214.00    49.158    5.1366035813062205e-01    1.3211298721671483e-10
   215.00    49.373    5.1366035813063782e-01    1.2500755985911383e-10
   216.00    49.586    5.1366035813064437e-01    2.2018831202785805e-10
   217.00    49.802    5.1366035813065269e-01    3.1762947827473909e-10
   218.00    50.016    5.1366035813062327e-01    1.0579626064100012e-10
   219.00    50.230    5.1366035813062216e-01    2.6639668249117676e-10
   220.00    50.440    5.1366035813062572e-01    1.0828937746509837e-10
   221.00    50.652    5.1366035813061539e-01    8.9581675410954631e-11
