    epoch   elapsed                       val                 norm_grad
     0.00     0.000    6.9314718055914615e-01    1.2837419783665921e-01
     6.00     0.068    6.1223055999180498e-01    5.3887859641941066e-02
    10.00     0.108    5.6846322376959679e-01    3.3340534515336029e-02
    14.00     0.148    5.5018940177552200e-01    1.1371513080201553e-02
    18.00     0.188    5.4673518239935526e-01    4.5465116620446722e-03
    22.00     0.228    5.4471163049408977e-01    5.0730897132428461e-03
    26.00     0.268    5.4395579599132693e-01    2.5845752117947783e-03
    30.00     0.308    5.4374385392219982e-01    1.7456037309989403e-03
    34.00     0.348    5.4354060008435012e-01    3.0314187421622563e-03
    39.00     0.398    5.4346581352742185e-01    9.6352999671181147e-04
    43.00     0.450    5.4341584103311336e-01    1.3722809571135863e-03
    47.00     0.481    5.4339737110300601e-01    4.5896573941639485e-04
    51.00     0.523    5.4336674577305921e-01    3.8300374374777846e-04
    55.00     0.563    5.4333461899714686e-01    8.3898077389801817e-04
    60.00     0.612    5.4331860725663816e-01    4.3366467110594886e-04
    64.00     0.652    5.4330610392320799e-01    2.4072003344687357e-04
    68.00     0.692    5.4329553662958630e-01    3.8898513324751166e-04
    72.00     0.732    5.4329301849245493e-01    1.8678975490697518e-04
    76.00     0.771    5.4328876114580094e-01    3.5228446797874041e-04
    80.00     0.811    5.4328433847511459e-01    2.9485582654767417e-04
    84.00     0.861    5.4327454407387732e-01    7.4477416490190823e-04
    88.00     0.893    5.4326885419854620e-01    3.7615785819252595e-04
    93.00     0.942    5.4325064682945323e-01    4.0300818196752075e-04
    97.00     0.983    5.4324335171361882e-01    8.1298443790389641e-04
   101.00     1.024    5.4323365320732109e-01    3.0322412311969103e-04
   105.00     1.063    5.4322554990817473e-01    2.8999510680360495e-04
   109.00     1.112    5.4322356619531265e-01    3.4594611364902050e-04
   113.00     1.142    5.4322259954868957e-01    2.1962785005341656e-04
   120.00     1.211    5.4321868816812824e-01    2.5467301738127390e-04
   124.00     1.251    5.4321307155454679e-01    4.4984614744431051e-04
   128.00     1.290    5.4321192280313113e-01    1.0808935296797995e-04
   132.00     1.338    5.4320866072467699e-01    1.6688534506970054e-04
   136.00     1.368    5.4320716595543395e-01    1.9993138713186170e-04
   143.00     1.438    5.4320452678770659e-01    2.7562514852337572e-04
   147.00     1.479    5.4320232924097223e-01    3.2327748810356827e-04
   151.00     1.519    5.4319698566583063e-01    2.6866771361530595e-04
   155.00     1.558    5.4319361201510186e-01    4.5576618017821070e-04
   159.00     1.597    5.4319199237769977e-01    2.1978690423835739e-04
   163.00     1.635    5.4319033090040725e-01    1.3525824299753277e-04
   167.00     1.674    5.4318880929310775e-01    1.5776239216762356e-04
   171.00     1.711    5.4318799041046328e-01    1.5414252040379418e-04
   175.00     1.747    5.4318703741915420e-01    1.2787205825218889e-04
   179.00     1.792    5.4318665955474243e-01    1.3177111940305963e-04
   183.00     1.819    5.4318648057105234e-01    6.6216412468678154e-05
   187.00     1.855    5.4318611805936734e-01    4.6411360167697424e-05
   191.00     1.891    5.4318575647207912e-01    8.4904868583292326e-05
   195.00     1.929    5.4318563878008563e-01    5.1315100912913136e-05
   199.00     1.965    5.4318546330183537e-01    3.1303454553533588e-05
   203.00     2.002    5.4318539111537212e-01    6.0912454324088539e-05
   207.00     2.039    5.4318533123715029e-01    3.2986794291242627e-05
   211.00     2.077    5.4318527857483645e-01    5.0390164162191636e-05
   215.00     2.125    5.4318515519265875e-01    4.9544744538959889e-05
   219.00     2.154    5.4318510811476761e-01    3.1973149538320339e-05
   223.00     2.202    5.4318504677257173e-01    4.5624874166476370e-05
   227.00     2.231    5.4318497746924965e-01    3.8876225477643689e-05
   234.00     2.295    5.4318489035207829e-01    2.0736428318592764e-05
   238.00     2.332    5.4318480089623067e-01    2.8038277140929324e-05
   242.00     2.369    5.4318471559705384e-01    2.4951059797079234e-05
   248.00     2.426    5.4318465604829647e-01    2.2663100864447894e-05
   252.00     2.463    5.4318462249917465e-01    2.2416104004157212e-05
   256.00     2.499    5.4318458803171399e-01    1.5399766831488207e-05
   260.00     2.535    5.4318455243948527e-01    5.3615082303292566e-05
   264.00     2.572    5.4318453064727690e-01    1.6350426178028676e-05
   269.00     2.619    5.4318451056520789e-01    1.3137163504428617e-05
   273.00     2.674    5.4318449909208710e-01    2.9930283071064046e-05
   277.00     2.691    5.4318449146944692e-01    1.3038514151436642e-05
   281.00     2.746    5.4318447828066041e-01    1.6929242784603782e-05
   285.00     2.763    5.4318446077738247e-01    2.0025810553381262e-05
   289.00     2.802    5.4318444243941477e-01    1.6113352668250397e-05
   293.00     2.840    5.4318443429941554e-01    1.5094087187556005e-05
   297.00     2.878    5.4318440934758427e-01    1.7000980333733984e-05
   301.00     2.913    5.4318437649142370e-01    1.6057212394088305e-05
   305.00     2.950    5.4318435222399619e-01    2.4557234568386987e-05
   309.00     2.986    5.4318433499024588e-01    8.6965543392436562e-06
   315.00     3.043    5.4318432057306898e-01    1.4161419180674928e-05
   319.00     3.090    5.4318431125723754e-01    2.0380891972870963e-05
   323.00     3.119    5.4318430203760237e-01    1.0665501112117060e-05
   328.00     3.166    5.4318429123834644e-01    8.1182763409168301e-06
   332.00     3.202    5.4318428599771229e-01    8.8394617931177033e-06
   338.00     3.256    5.4318427847486417e-01    1.1677601387247161e-05
   342.00     3.305    5.4318427518912815e-01    2.1897324587835665e-05
   346.00     3.334    5.4318427096195310e-01    1.0097397163198740e-05
   350.00     3.380    5.4318426818664423e-01    1.5299464191789042e-05
   354.00     3.408    5.4318426203580772e-01    1.3298530453998564e-05
   358.00     3.446    5.4318425691259298e-01    9.6759957592465473e-06
   362.00     3.483    5.4318424846828317e-01    1.0062018622022245e-05
   368.00     3.537    5.4318423824961892e-01    9.9153143619176709e-06
   372.00     3.575    5.4318423550991735e-01    1.1365499367824161e-05
   376.00     3.612    5.4318423161317786e-01    6.5860455393182415e-06
   381.00     3.658    5.4318422644262310e-01    6.6944433042837037e-06
   385.00     3.696    5.4318422414024914e-01    7.6460012548643097e-06
   389.00     3.732    5.4318422247691256e-01    6.4822084741913977e-06
   393.00     3.769    5.4318421985890430e-01    5.9563632940351496e-06
   397.00     3.804    5.4318421844461562e-01    4.8486095356736758e-06
   401.00     3.841    5.4318421714331500e-01    2.3959326631815825e-06
   405.00     3.879    5.4318421513284831e-01    5.2693016375227053e-06
   409.00     3.917    5.4318421402681494e-01    4.3869714384803249e-06
   413.00     3.951    5.4318421267313288e-01    4.6713849553015052e-06
   417.00     3.988    5.4318421182775556e-01    3.9718165919869208e-06
   421.00     4.023    5.4318421116450966e-01    3.4871065772434928e-06
   426.00     4.070    5.4318421063676348e-01    2.5263541518286137e-06
   430.00     4.115    5.4318420938430723e-01    6.8375617541856920e-06
   434.00     4.142    5.4318420857353156e-01    3.3382069967446970e-06
   438.00     4.179    5.4318420787970290e-01    4.6214703489644293e-06
   442.00     4.215    5.4318420736638717e-01    4.6221191537035300e-06
   447.00     4.262    5.4318420687883873e-01    2.6315503477720298e-06
   451.00     4.298    5.4318420639311094e-01    3.0587308118828083e-06
   455.00     4.336    5.4318420592974836e-01    4.2663687678801132e-06
   460.00     4.382    5.4318420511447918e-01    2.6252230794394926e-06
   464.00     4.419    5.4318420470723361e-01    5.7725664671381960e-06
   468.00     4.456    5.4318420438129034e-01    2.2922542391168310e-06
   473.00     4.502    5.4318420359629682e-01    2.6698652754036933e-06
   477.00     4.541    5.4318420309218618e-01    4.5872348468783963e-06
   481.00     4.577    5.4318420278491930e-01    5.7667298220820395e-06
   485.00     4.632    5.4318420247124111e-01    4.4168115408832476e-06
   489.00     4.651    5.4318420232246978e-01    3.4438608471007437e-06
   493.00     4.690    5.4318420197932371e-01    1.8775484934008269e-06
   497.00     4.728    5.4318420166669734e-01    2.9969215557849264e-06
   501.00     4.763    5.4318420133686951e-01    3.0531382963702725e-06
