    epoch opt_elaps tot_elaps                         f          norm_g
     0.00      0.00      0.07        0.6931471805975433    5.786461e-02
     1.00     50.82     66.00        0.5099967693161855    1.588207e-02
     2.00     95.39    126.15        0.4851631758204143    1.312426e-02
     3.00    139.94    186.18        0.4728498762179668    8.402929e-03
     4.00    184.54    246.26        0.4701188039257758    9.866983e-03
     5.00    229.24    306.47        0.4683930665322556    4.539209e-03
     6.00    273.87    366.61        0.4677864646685165    1.843321e-03
     7.00    318.45    426.67        0.4676369176636775    2.180749e-03
     8.00    363.05    486.74        0.4675402725509118    2.220263e-03
     9.00    407.48    546.70        0.4674573948442219    1.104703e-03
    10.00    451.93    606.69        0.4674273235995476    1.936099e-04
    11.00    496.36    666.64        0.4674171820367429    1.250788e-04
    12.00    540.81    726.61        0.4674112584600072    3.157217e-04
    13.00    585.24    786.57        0.4674052807281858    1.639529e-04
    14.00    629.68    846.54        0.4674009181935578    9.592920e-05
    15.00    674.52    907.03        0.4673973049954539    4.192125e-05
    16.00    718.99    967.11        0.4673942183785245    1.470800e-05
    17.00    763.53   1027.19        0.4673914930138857    1.542649e-05
    18.00    808.05   1087.25        0.4673890589595951    9.058952e-06
    19.00    852.56   1147.34        0.4673868632993524    5.627115e-06
    20.00    897.08   1207.38        0.4673848741334041    5.253993e-06
    21.00    941.58   1267.42        0.4673830620788734    5.652473e-06
    22.00    986.12   1327.50        0.4673814039527862    7.022661e-06
    23.00   1030.61   1387.53        0.4673798788041837    3.028887e-06
    24.00   1075.16   1447.64        0.4673784712253123    2.551784e-06
    25.00   1119.66   1507.69        0.4673771682802250    8.082585e-06
    26.00   1164.15   1567.72        0.4673759565414946    2.529349e-06
    27.00   1208.71   1627.84        0.4673748278697009    4.998791e-06
    28.00   1253.19   1687.84        0.4673737725534883    2.856466e-06
    29.00   1297.69   1747.84        0.4673727845578172    7.611584e-06
    30.00   1342.15   1807.79        0.4673718566633195    2.952446e-06
    31.00   1386.58   1867.70        0.4673709835799268    2.008131e-06
    32.00   1431.00   1927.61        0.4673701602751149    3.919228e-06
    33.00   1475.44   1987.56        0.4673693824341929    5.570995e-06
    34.00   1519.87   2047.49        0.4673686461640554    3.218481e-06
    35.00   1564.28   2107.44        0.4673679484148330    3.702513e-06
    36.00   1608.79   2167.47        0.4673672857260593    3.569839e-06
    37.00   1653.20   2227.42        0.4673666555012495    4.091449e-06
    38.00   1697.75   2287.53        0.4673660554719425    1.713966e-06
    39.00   1742.25   2347.60        0.4673654837667909    1.679652e-06
    40.00   1786.71   2407.66        0.4673649380781367    3.120352e-06
    41.00   1831.09   2467.64        0.4673644166058182    3.296119e-06
    42.00   1875.51   2527.59        0.4673639176570636    2.719436e-06
    43.00   1919.91   2587.48        0.4673634399816493    3.421808e-06
    44.00   1964.29   2647.37        0.4673629819320453    1.521338e-06
    45.00   2008.67   2707.24        0.4673625425901808    1.492086e-06
    46.00   2052.99   2767.04        0.4673621208410201    1.464001e-06
    47.00   2097.30   2826.83        0.4673617154892595    1.530860e-06
    48.00   2141.59   2886.63        0.4673613256042737    3.312995e-06
    49.00   2185.84   2946.38        0.4673609501948560    2.685744e-06
    50.00   2230.11   3006.15        0.4673605885250529    1.752608e-06
    51.00   2274.45   3066.01        0.4673602398933381    1.343225e-06
    52.00   2318.66   3125.73        0.4673599035680308    1.322374e-06
    53.00   2362.87   3185.49        0.4673595789093574    1.464454e-06
    54.00   2407.09   3245.23        0.4673592653160225    1.282420e-06
    55.00   2451.34   3304.99        0.4673589623119986    1.429477e-06
    56.00   2495.52   3364.71        0.4673586692186978    1.244599e-06
    57.00   2539.72   3424.45        0.4673583855963946    1.226490e-06
    58.00   2583.91   3484.19        0.4673581111161562    1.208649e-06
    59.00   2628.09   3543.94        0.4673578452478430    1.191294e-06
    60.00   2672.25   3603.65        0.4673575875611934    1.174273e-06
    61.00   2716.37   3663.33        0.4673573376403945    1.157670e-06
    62.00   2760.52   3723.09        0.4673570951881958    1.141382e-06
    63.00   2804.66   3782.81        0.4673568598628385    1.125466e-06
    64.00   2848.81   3842.54        0.4673566314390377    1.392384e-06
    65.00   2892.89   3902.22        0.4673564096138313    2.611556e-06
    66.00   2936.93   3961.83        0.4673561939456577    1.374897e-06
    67.00   2981.17   4021.68        0.4673559842931119    1.752204e-06
    68.00   3025.37   4081.61        0.4673557803483831    1.050962e-06
    69.00   3069.47   4141.34        0.4673555819746081    1.037056e-06
    70.00   3113.55   4201.04        0.4673553888669372    1.366461e-06
    71.00   3157.59   4260.70        0.4673552007983094    1.105776e-06
    72.00   3201.65   4320.37        0.4673550176557137    9.963998e-07
    73.00   3245.72   4380.09        0.4673548392443742    1.303478e-06
    74.00   3289.79   4439.81        0.4673546653540731    1.356434e-06
    75.00   3333.83   4499.46        0.4673544957906627    9.985425e-07
    76.00   3377.86   4559.10        0.4673543303852891    9.463201e-07
    77.00   3421.88   4618.74        0.4673541690297107    1.169002e-06
    78.00   3465.91   4678.38        0.4673540115508214    9.227505e-07
    79.00   3509.96   4738.04        0.4673538578041997    9.112576e-07
    80.00   3554.01   4797.69        0.4673537076847933    1.405096e-06
    81.00   3598.02   4857.34        0.4673535610262156    1.010903e-06
    82.00   3642.08   4917.01        0.4673534177294588    8.781415e-07
    83.00   3686.10   4976.65        0.4673532776857383    8.675167e-07
    84.00   3730.14   5036.32        0.4673531407911206    8.570558e-07
    85.00   3774.21   5096.00        0.4673530069527255    8.467563e-07
    86.00   3818.27   5155.68        0.4673528760523727    8.366738e-07
    87.00   3862.28   5215.30        0.4673527479652568    8.266674e-07
    88.00   3906.33   5274.97        0.4673526226578122    8.168730e-07
    89.00   3950.39   5334.65        0.4673525000003474    8.072105e-07
    90.00   3994.41   5394.29        0.4673523799092997    7.978500e-07
    91.00   4038.45   5453.95        0.4673522623222777    7.886025e-07
    92.00   4082.48   5513.59        0.4673521471865176    1.154642e-06
    93.00   4126.50   5573.24        0.4673520343814362    7.745552e-07
    94.00   4170.52   5632.87        0.4673519238736801    7.687432e-07
    95.00   4214.55   5692.52        0.4673518155739028    7.630430e-07
    96.00   4258.60   5752.19        0.4673517094414908    1.153944e-06
    97.00   4302.63   5811.84        0.4673516053440513    9.030160e-07
    98.00   4346.64   5871.50        0.4673515032858787    7.462682e-07
    99.00   4390.69   5931.17        0.4673514032061097    7.408526e-07
   100.00   4434.69   5990.81        0.4673513050227811    7.354699e-07
   101.00   4478.70   6050.46        0.4673512086839263    7.301017e-07
   102.00   4522.77   6110.18        0.4673511141442865    7.248655e-07
   103.00   4566.80   6169.84        0.4673510213776466    7.197193e-07
   104.00   4610.80   6229.47        0.4673509303219149    7.146553e-07
   105.00   4654.82   6289.13        0.4673508409264764    7.095964e-07
   106.00   4698.83   6348.79        0.4673507531437210    7.045643e-07
   107.00   4742.84   6408.44        0.4673506669343693    6.995905e-07
   108.00   4786.84   6468.11        0.4673505822706175    6.946230e-07
   109.00   4830.89   6527.78        0.4673504991032519    6.897535e-07
   110.00   4874.88   6587.39        0.4673504173970637    6.849917e-07
   111.00   4918.92   6647.08        0.4673503370996605    6.802272e-07
   112.00   4962.97   6706.75        0.4673502581856150    7.945277e-07
   113.00   5007.00   6766.42        0.4673501806233643    6.708794e-07
   114.00   5051.04   6826.10        0.4673501043958757    7.175489e-07
   115.00   5095.05   6885.75        0.4673500294288614    6.618016e-07
   116.00   5139.08   6945.42        0.4673499557121103    6.573048e-07
   117.00   5183.13   7005.12        0.4673498832030067    6.528278e-07
   118.00   5227.17   7064.80        0.4673498119010251    6.484235e-07
   119.00   5271.21   7124.49        0.4673497417632693    6.440265e-07
   120.00   5315.23   7184.14        0.4673496727451326    6.397191e-07
   121.00   5359.24   7243.79        0.4673496048285750    6.354638e-07
   122.00   5403.26   7303.43        0.4673495380079152    6.312530e-07