    epoch   elapsed                       val                 norm_grad
     0.00     0.000    6.9314718055994518e-01    2.6904886213568374e-01
     0.12     0.010    6.9314251536459737e-01    2.6904502556443893e-01
     0.20     0.017    4.9820511934810829e-01    6.7948197532840329e-02
     0.32     0.029    4.6032323507826406e-01    5.9751107549569533e-02
     0.40     0.037    3.7971439014212760e-01    5.4194357654127064e-02
     0.52     0.049    3.6205182352418253e-01    2.5905302638026595e-02
     0.60     0.057    3.4574516547497891e-01    8.4807581761026790e-03
     0.72     0.069    3.3858955854155109e-01    4.9503236801878656e-03
     0.80     0.079    3.3287160608447325e-01    7.4518164589000620e-03
     0.92     0.092    3.2914692047725630e-01    4.9557170415312360e-03
     1.00     0.101    3.2866372276465633e-01    3.8244958169596048e-03
     1.12     0.112    3.2768343136187245e-01    2.6820470369570588e-03
     1.20     0.119    3.2746921521980610e-01    2.8310526445071461e-03
     1.32     0.130    3.2731417074696395e-01    2.6442206025295346e-03
     1.40     0.137    3.2716625092566959e-01    2.6977786328260572e-03
     1.52     0.149    3.2715599041142007e-01    3.2636584801620564e-03
     1.60     0.156    3.2712687674575064e-01    5.2187619321698072e-03
     1.72     0.169    3.2692233320731001e-01    3.4587349541941306e-03
     1.80     0.176    3.2684845315788424e-01    2.6250461349613331e-03
     1.92     0.187    3.2676030719139010e-01    1.6174006365974657e-03
     2.00     0.196    3.2671578575079341e-01    2.1380399384776740e-03
     2.12     0.207    3.2667866302098114e-01    1.7706136062240350e-03
     2.20     0.215    3.2666146524119022e-01    1.6847910187918467e-03
     2.32     0.227    3.2660033325660925e-01    1.6014897640209678e-03
     2.40     0.237    3.2659498882881843e-01    1.5151138110530021e-03
     2.52     0.249    3.2655118178576964e-01    1.4264207746891874e-03
     2.60     0.257    3.2650973727518046e-01    1.4050887396658124e-03
     2.72     0.268    3.2649268461219233e-01    1.4855456533696279e-03
     2.80     0.277    3.2643153967638339e-01    1.3485428489219244e-03
     2.92     0.288    3.2639737201238123e-01    1.3505622672996952e-03
     3.00     0.296    3.2639026019210748e-01    1.3085010452858110e-03
     3.12     0.342    3.2630982265056152e-01    1.1754061352490482e-03
     3.20     0.356    3.2623833341404290e-01    1.1560732665984810e-03
     3.32     0.374    3.2618174165029956e-01    1.1456650075943231e-03
     3.40     0.385    3.2610020473014972e-01    1.1290998093579222e-03
     3.52     0.401    3.2576569033683028e-01    1.0249236217551817e-03
     3.60     0.411    3.2554559055336274e-01    9.3492813006748252e-04
     3.72     0.426    3.2537535637635195e-01    8.5486943784573793e-04
     3.80     0.435    3.2530972427906119e-01    8.2169297571385016e-04
     3.92     0.451    3.2522149735194422e-01    7.5907577734163031e-04
     4.00     0.465    3.2510040671975743e-01    1.1436995259834445e-03
     4.12     0.478    3.2491923350314711e-01    1.0738560681531365e-03
     4.20     0.494    3.2478991673652619e-01    1.2291309770688583e-03
     4.32     0.507    3.2466886942896128e-01    1.2989038093877024e-03
     4.40     0.516    3.2463935003789052e-01    9.3620887623621890e-04
     4.52     0.530    3.2456245247865800e-01    6.4311302632098278e-04
     4.60     0.538    3.2451215059727256e-01    4.9831653348689350e-04
     4.72     0.552    3.2444551495552226e-01    4.6713228034696064e-04
     4.80     0.561    3.2441002714767508e-01    5.2664444374191197e-04
     4.92     0.575    3.2434405988651310e-01    6.2460148908332518e-04
     5.00     0.584    3.2430385291203634e-01    7.1727406385223985e-04
     5.12     0.596    3.2425272287501916e-01    7.2239102017819729e-04
     5.20     0.613    3.2420876919707747e-01    6.7003992514626297e-04
     5.32     0.626    3.2415480915527300e-01    6.6819547413816038e-04
     5.40     0.637    3.2412032395844681e-01    5.1962151665079686e-04
     5.52     0.668    3.2406505640577432e-01    4.3042472467646494e-04
     5.60     0.683    3.2402775547478657e-01    4.2554677505844224e-04
     5.72     0.706    3.2397626618211861e-01    3.1789173282959767e-04
     5.80     0.720    3.2394063238036247e-01    2.7573453433544316e-04
     5.92     0.738    3.2389707567702825e-01    2.8554857078065521e-04
     6.00     0.750    3.2386721998840190e-01    4.7461994444292688e-04
     6.12     0.766    3.2381760663185599e-01    4.1491749628886401e-04
     6.20     0.776    3.2378802729052319e-01    5.0774714619445868e-04
     6.32     0.799    3.2376291955972242e-01    6.0733229226932455e-04
     6.40     0.809    3.2373593167459835e-01    5.1278729621617519e-04
     6.52     0.823    3.2369790894804212e-01    4.4514949891952439e-04
     6.60     0.833    3.2368125915377627e-01    5.4244577583201789e-04
     6.72     0.846    3.2364711567134269e-01    7.7276128176170518e-04
     6.80     0.855    3.2362532199590743e-01    9.5812740223827407e-04
     6.92     0.870    3.2359759184148768e-01    8.6199948713105534e-04
     7.00     0.881    3.2357320032492110e-01    5.0290145551004075e-04
     7.12     0.895    3.2355039610443376e-01    2.7352674818910703e-04
     7.20     0.905    3.2354440577507215e-01    4.3143615900624165e-04
     7.32     0.928    3.2353382271636222e-01    9.0962545418913460e-04
     7.40     0.939    3.2351517243586614e-01    1.0085096766352445e-03
     7.52     0.954    3.2350069317083130e-01    9.5787188605727302e-04
     7.60     0.964    3.2349142386271240e-01    6.1704516028804975e-04
     7.72     0.979    3.2348073229263413e-01    3.2620070237800565e-04
     7.80     0.990    3.2346513982705227e-01    3.6404083762663308e-04
     7.92     1.004    3.2346306037981865e-01    4.2599765482789846e-04
     8.00     1.015    3.2346064569768512e-01    6.0660854685524698e-04
     8.12     1.029    3.2344454805600270e-01    4.5073421060263852e-04
     8.20     1.039    3.2343830199220636e-01    3.0104129705631682e-04
     8.32     1.061    3.2343483168228626e-01    3.1286105727959513e-04
     8.40     1.071    3.2344143064299119e-01    4.8982166117598363e-04
     8.52     1.086    3.2343078334482922e-01    8.1359188462082506e-04
     8.60     1.096    3.2342409285188817e-01    3.4531474925523538e-04
     8.72     1.110    3.2341659158728930e-01    5.2316349293058285e-04
     8.80     1.119    3.2341665439858536e-01    7.4691067126833881e-04
     8.92     1.133    3.2341138945039566e-01    4.8788137378619770e-04
     9.00     1.143    3.2340739694913279e-01    3.4803037425097406e-04
     9.12     1.159    3.2339990803162633e-01    2.0357887302916252e-04
     9.20     1.170    3.2339628995268227e-01    2.2494721759821356e-04
     9.32     1.185    3.2339833966601800e-01    3.0605598723658909e-04
     9.40     1.204    3.2339888185868393e-01    3.1348610113347434e-04
     9.52     1.219    3.2339552898037177e-01    2.5363126009549602e-04
     9.60     1.230    3.2339621846958649e-01    5.6326186542604247e-04
     9.72     1.246    3.2339338784124438e-01    2.2769776829043318e-04
     9.80     1.257    3.2339096925190164e-01    2.0727801012364935e-04
     9.92     1.273    3.2339211056712514e-01    2.9449705151186726e-04
    10.00     1.283    3.2339309752955248e-01    2.4731061166947981e-04
    10.12     1.297    3.2339094964787635e-01    2.0635880003233437e-04
    10.20     1.308    3.2338751544952882e-01    2.2010433809102023e-04
    10.32     1.320    3.2338736995991102e-01    2.0210256438666860e-04
    10.40     1.339    3.2338785382825447e-01    1.2923132797834988e-04
    10.52     1.355    3.2339161822323748e-01    2.7768448661092429e-04
    10.60     1.365    3.2338897728897070e-01    2.4394983392347273e-04
    10.72     1.381    3.2338386467047397e-01    8.7569068194680156e-05
    10.80     1.392    3.2338390399271694e-01    1.5578605344280058e-04
    10.92     1.408    3.2338313490696829e-01    8.9018742916329441e-05
    11.00     1.418    3.2338306192225386e-01    1.2124735196482149e-04
    11.12     1.434    3.2338320390714681e-01    1.1361745303764778e-04
    11.20     1.445    3.2338266739197419e-01    1.5962251174557050e-04
    11.32     1.457    3.2338197881216668e-01    1.0969233540688577e-04
    11.40     1.467    3.2338175832927318e-01    8.4597032687570698e-05
    11.52     1.482    3.2338160612021682e-01    6.9941453946231069e-05
    11.60     1.493    3.2338144836240595e-01    6.3458835158990156e-05
    11.72     1.510    3.2338254886028561e-01    1.1753274289240928e-04
    11.80     1.520    3.2338342694938244e-01    1.5210694346633335e-04
    11.92     1.535    3.2338232021308627e-01    1.1817856564087524e-04
    12.00     1.542    3.2338232021308627e-01    1.1817856564087524e-04
    12.12     1.558    3.2338108823717365e-01    9.9960622868934231e-05
    12.20     1.568    3.2338056272683535e-01    4.8909738444510640e-05
    12.32     1.585    3.2338046057956710e-01    6.5262625076261692e-05
    12.40     1.591    3.2338046057956710e-01    6.5262625076261692e-05
    12.52     1.609    3.2338028991932788e-01    3.4617612054055350e-05
    12.60     1.620    3.2338033999424931e-01    4.5060989685627083e-05
    12.72     1.635    3.2338038988823531e-01    5.4726841562580322e-05
    12.80     1.646    3.2338022020090196e-01    6.2293525601866604e-05
    12.92     1.662    3.2338002021990703e-01    5.0447652091091472e-05
    13.00     1.673    3.2337998734713974e-01    5.8263831196924461e-05
    13.12     1.688    3.2338020238313581e-01    7.8356743409781522e-05
    13.20     1.699    3.2337997157368648e-01    4.5210346765545636e-05
    13.32     1.714    3.2337991306294545e-01    4.7578238838457621e-05
    13.40     1.725    3.2337979797950489e-01    3.5384056501948010e-05
    13.52     1.748    3.2337979391434818e-01    2.9107649541235832e-05
    13.60     1.758    3.2337986556516490e-01    5.4130640191399369e-05
    13.72     1.775    3.2337980479935630e-01    2.2679859068512359e-05
    13.80     1.785    3.2337982197414378e-01    3.6859601465108927e-05
    13.92     1.801    3.2337983338909559e-01    6.4504128054615988e-05
    14.00     1.813    3.2337976974430066e-01    3.6523749503421684e-05
    14.12     1.828    3.2337976005856178e-01    2.5333994631862945e-05
    14.20     1.838    3.2337970579051017e-01    1.3494936608362707e-05
    14.32     1.854    3.2337971671658783e-01    2.0675759429970808e-05
    14.40     1.864    3.2337974712874257e-01    2.2420625509496063e-05
    14.52     1.880    3.2337965576244099e-01    3.5773382064289126e-05
    14.60     1.897    3.2337964459998636e-01    1.4626968470049482e-05
    14.72     1.914    3.2337965617360631e-01    1.9277215836776412e-05
    14.80     1.925    3.2337968580501619e-01    1.5798361311512583e-05
    14.92     1.941    3.2337966196378409e-01    2.1593205475011966e-05
    15.00     1.951    3.2337962878982429e-01    1.9320322337913798e-05
    15.12     1.968    3.2337962070807952e-01    1.0642923017160504e-05
    15.20     1.979    3.2337963262119213e-01    3.2154633012815055e-05
    15.32     1.994    3.2337962889579591e-01    1.6131593959403591e-05
    15.40     2.005    3.2337961047949398e-01    1.1354616212302323e-05
    15.52     2.022    3.2337961508213298e-01    1.3712271145911244e-05
    15.60     2.040    3.2337961751574956e-01    1.2947087269845904e-05
    15.72     2.055    3.2337961193501985e-01    1.7930616959586212e-05
    15.80     2.067    3.2337960522414855e-01    1.4206975520796059e-05
    15.92     2.083    3.2337959743491579e-01    9.4534005640613387e-06
    16.00     2.093    3.2337960842359431e-01    2.3183042345834895e-05
    16.12     2.111    3.2337960365192908e-01    9.6430568439657009e-06
    16.20     2.122    3.2337959537549399e-01    1.6206127358433370e-05
    16.32     2.137    3.2337959997701821e-01    1.4545537102530207e-05
    16.40     2.149    3.2337959079337547e-01    4.1257985839200667e-06
    16.52     2.164    3.2337959283544415e-01    1.2865841495440095e-05
    16.60     2.175    3.2337959075779343e-01    7.9671511744269180e-06
    16.72     2.199    3.2337958967079439e-01    6.5405115470785182e-06
    16.80     2.210    3.2337959193269111e-01    1.4931729295254344e-05
    16.92     2.225    3.2337958876732842e-01    8.7403407647022624e-06
    17.00     2.236    3.2337958880557771e-01    8.9406406829836242e-06
    17.12     2.252    3.2337958669803823e-01    3.5901221268003578e-06
    17.20     2.263    3.2337958744025203e-01    6.7471837091511501e-06
    17.32     2.279    3.2337958723625360e-01    7.1238338978932419e-06
    17.40     2.290    3.2337958547417767e-01    3.9875707470352125e-06
    17.52     2.306    3.2337958578331616e-01    4.2155260230158960e-06
    17.60     2.316    3.2337958632182223e-01    6.0038381735232736e-06
    17.72     2.339    3.2337958532367450e-01    4.2401540391192388e-06
    17.80     2.351    3.2337958547977047e-01    5.7939262918106981e-06
    17.92     2.367    3.2337958451224258e-01    2.1925102483790550e-06
    18.00     2.377    3.2337958443057896e-01    2.6007543182134102e-06
    18.12     2.393    3.2337958384399856e-01    2.8986361939860387e-06
    18.20     2.405    3.2337958412379442e-01    3.0440879993692695e-06
    18.32     2.420    3.2337958398666367e-01    2.6102073796640906e-06
    18.40     2.431    3.2337958368127673e-01    1.4942933807029416e-06
    18.52     2.447    3.2337958333727790e-01    1.2806540786665607e-06
    18.60     2.459    3.2337958349621942e-01    2.7300314656616626e-06
    18.72     2.483    3.2337958330926209e-01    1.3827059860140597e-06
    18.80     2.493    3.2337958318706000e-01    1.6774328116316519e-06
    18.92     2.510    3.2337958322498711e-01    1.4634773664073601e-06
    19.00     2.520    3.2337958311936177e-01    1.1727827076322907e-06
    19.12     2.536    3.2337958297310759e-01    2.1299256713082372e-06
    19.20     2.547    3.2337958296598840e-01    1.2530307290352456e-06
    19.32     2.563    3.2337958304266384e-01    3.7674374956298959e-06
    19.40     2.574    3.2337958285974311e-01    1.5047104878962564e-06
    19.52     2.589    3.2337958285399260e-01    9.5856264436472988e-07
    19.60     2.600    3.2337958276072992e-01    4.8910062607781655e-07
    19.72     2.616    3.2337958278368067e-01    7.8287652564320042e-07
    19.80     2.634    3.2337958280285295e-01    1.5432911747812156e-06
    19.92     2.650    3.2337958270030015e-01    1.0371028046057338e-06
    20.00     2.662    3.2337958276760714e-01    1.3519951726369389e-06
    20.12     2.678    3.2337958269423661e-01    7.7857518612210492e-07
    20.20     2.688    3.2337958266785388e-01    7.1168420744489166e-07
    20.32     2.704    3.2337958263665612e-01    1.5451594117991293e-06
    20.40     2.715    3.2337958264214922e-01    1.0845786434659963e-06
    20.52     2.732    3.2337958258012411e-01    7.0692523053182594e-07
    20.60     2.744    3.2337958258745464e-01    1.0649760912762451e-06
    20.72     2.761    3.2337958262454219e-01    5.9941584046994362e-07
    20.80     2.780    3.2337958259696120e-01    8.0835306186452740e-07
    20.92     2.797    3.2337958256876254e-01    8.5844512470129998e-07
    21.00     2.807    3.2337958255088400e-01    3.2216518978387637e-07
    21.12     2.823    3.2337958254897681e-01    3.6400402294928317e-07
    21.20     2.835    3.2337958255467558e-01    6.2559877150529950e-07
    21.32     2.852    3.2337958254575067e-01    5.5540481305978295e-07
    21.40     2.863    3.2337958253683952e-01    3.8526268819664294e-07
    21.52     2.880    3.2337958253196375e-01    1.0151406382446300e-06
    21.60     2.891    3.2337958251331717e-01    8.1397499456451092e-07
    21.72     2.907    3.2337958250972570e-01    4.9911219527000138e-07
    21.80     2.917    3.2337958250536697e-01    3.1738812985784543e-07
    21.92     2.940    3.2337958251305504e-01    7.2226951119559335e-07
    22.00     2.951    3.2337958251419241e-01    6.2073241776545479e-07
    22.12     2.967    3.2337958249826754e-01    2.5512522856221381e-07
    22.20     2.978    3.2337958249504328e-01    6.1475215303822172e-07
    22.32     2.994    3.2337958248768051e-01    2.4301225609588919e-07
    22.40     3.005    3.2337958248579207e-01    4.8023436790266810e-07
    22.52     3.021    3.2337958248638354e-01    7.2206905568121017e-07
    22.60     3.031    3.2337958248915427e-01    6.5292070663454612e-07
    22.72     3.049    3.2337958248670845e-01    4.0472892383096781e-07
    22.80     3.060    3.2337958248680942e-01    4.1927080372571371e-07
    22.92     3.083    3.2337958248023674e-01    2.2721260947065600e-07
    23.00     3.094    3.2337958248118903e-01    2.7199938889664918e-07
    23.12     3.110    3.2337958248097964e-01    5.2065693724789056e-07
    23.20     3.122    3.2337958247878962e-01    2.1225481772785071e-07
    23.32     3.137    3.2337958247752302e-01    3.1993150665473703e-07
    23.40     3.149    3.2337958248124271e-01    2.7868928179876557e-07
    23.52     3.165    3.2337958247318288e-01    1.9150496769492246e-07
    23.60     3.176    3.2337958247215576e-01    2.5394624996272750e-07
    23.72     3.194    3.2337958247182164e-01    2.0590784595490131e-07
    23.80     3.206    3.2337958247152943e-01    2.8289329257581648e-07
    23.92     3.231    3.2337958247086218e-01    1.4495854359617859e-07
    24.00     3.242    3.2337958247130061e-01    2.7875407147370755e-07
    24.12     3.258    3.2337958247226478e-01    1.4712603180630117e-07
    24.20     3.269    3.2337958247023035e-01    2.1254778127364467e-07
    24.32     3.285    3.2337958246807619e-01    1.1291797634636511e-07
    24.40     3.296    3.2337958246822607e-01    9.5897948782043470e-08
    24.52     3.312    3.2337958246812254e-01    9.8175487338715648e-08
    24.60     3.323    3.2337958246757842e-01    1.2693988761316118e-07
    24.72     3.339    3.2337958246739240e-01    1.6789979724051328e-07
    24.80     3.350    3.2337958246671095e-01    1.4893367815659728e-07
    24.92     3.366    3.2337958246689003e-01    1.4393026643487763e-07
    25.00     3.384    3.2337958246659865e-01    6.1501289766912609e-08
    25.12     3.400    3.2337958246620446e-01    9.1737402858233527e-08
    25.20     3.411    3.2337958246675480e-01    9.5409561106745872e-08
    25.32     3.427    3.2337958246609777e-01    8.1214856512426832e-08
    25.40     3.437    3.2337958246592940e-01    9.1219410380438042e-08
    25.52     3.454    3.2337958246588699e-01    5.4125848558097934e-08
    25.60     3.465    3.2337958246562587e-01    4.1453466128855645e-08
    25.72     3.480    3.2337958246547144e-01    3.1828431941248171e-08
    25.80     3.490    3.2337958246568604e-01    5.2974011251426506e-08
    25.92     3.506    3.2337958246544335e-01    8.0147808881019803e-08
    26.00     3.525    3.2337958246516857e-01    2.5191670372439803e-08
    26.12     3.539    3.2337958246551579e-01    1.4475391611699557e-07
    26.20     3.551    3.2337958246542869e-01    6.1534968405076531e-08
    26.32     3.568    3.2337958246522530e-01    6.7379301438244435e-08
    26.40     3.581    3.2337958246517023e-01    4.2074372297393886e-08
    26.52     3.600    3.2337958246519577e-01    8.9487463615461443e-08
    26.60     3.615    3.2337958246510023e-01    3.6952558807579726e-08
    26.72     3.632    3.2337958246507736e-01    5.2340905914382183e-08
    26.80     3.645    3.2337958246505588e-01    4.4511072323338407e-08
    26.92     3.663    3.2337958246500365e-01    2.7423115370880192e-08
    27.00     3.673    3.2337958246500814e-01    4.3135661604179427e-08
    27.12     3.695    3.2337958246502918e-01    2.6595309356683579e-08
    27.20     3.706    3.2337958246499537e-01    2.1607566195821793e-08
    27.32     3.724    3.2337958246494453e-01    3.4213021725367822e-08
    27.40     3.735    3.2337958246494553e-01    3.0510820469953185e-08
    27.52     3.753    3.2337958246494020e-01    2.1419249432383391e-08
    27.60     3.764    3.2337958246493165e-01    1.9751477998499656e-08
    27.72     3.780    3.2337958246492371e-01    1.2173629903970096e-08
    27.80     3.791    3.2337958246490200e-01    1.2619475641218464e-08
    27.92     3.807    3.2337958246489462e-01    1.8325158823206987e-08
    28.00     3.818    3.2337958246490484e-01    1.8803834569649001e-08
    28.12     3.842    3.2337958246487936e-01    1.4723734603042944e-08
    28.20     3.854    3.2337958246489834e-01    3.4061366520105818e-08
    28.32     3.870    3.2337958246488435e-01    1.1343446690299295e-08
    28.40     3.882    3.2337958246489013e-01    1.4289344630612966e-08
    28.52     3.897    3.2337958246487980e-01    1.2243337050941029e-08
    28.60     3.908    3.2337958246487353e-01    1.3232527624211694e-08
    28.72     3.925    3.2337958246487097e-01    8.2505410004345691e-09
    28.80     3.935    3.2337958246486770e-01    7.3114192154241322e-09
    28.92     3.953    3.2337958246486304e-01    4.3390166058972538e-09
    29.00     3.965    3.2337958246486159e-01    5.3285116066916702e-09
    29.12     3.992    3.2337958246486365e-01    1.2145006822735227e-08
    29.20     4.004    3.2337958246486209e-01    9.0203242311045965e-09
    29.32     4.021    3.2337958246485971e-01    5.7958266729650414e-09
    29.40     4.031    3.2337958246485765e-01    6.7717561618441115e-09
    29.52     4.048    3.2337958246485932e-01    6.3583226196019141e-09
    29.60     4.060    3.2337958246485715e-01    5.2033104489180486e-09
    29.72     4.080    3.2337958246485554e-01    4.4756238509291950e-09
    29.80     4.091    3.2337958246485465e-01    4.1674669831352963e-09
    29.92     4.108    3.2337958246485471e-01    3.8945246776425738e-09
    30.00     4.119    3.2337958246485338e-01    3.5834290814271640e-09
    30.12     4.137    3.2337958246485266e-01    3.4179016119091968e-09
    30.20     4.156    3.2337958246485243e-01    2.2433709154056001e-09
