    epoch   elapsed                       val                 norm_grad
     0.00     0.000    6.9314718059480840e-01    2.1882489462466956e-01
     0.10     0.113    4.1940275539265787e-01    3.9509368433973235e-02
     0.20     0.196    4.0452392324568209e-01    2.6373828645748665e-02
     0.30     0.279    3.9911220861126429e-01    2.1488964989961667e-02
     0.40     0.361    3.9594726770894695e-01    1.8604845191730779e-02
     0.50     0.443    3.9379888586783351e-01    1.6635697908951808e-02
     0.60     0.526    3.9221452101295090e-01    1.5177822759374626e-02
     0.70     0.608    3.9099078929840453e-01    1.4048660297785176e-02
     0.80     0.689    3.9000802278929203e-01    1.3139991769500037e-02
     0.90     0.772    3.8919260517456300e-01    1.2384881533197722e-02
     1.00     0.854    3.8848495331474658e-01    1.1728750911745633e-02
     1.10     0.937    3.8305123181040773e-01    6.6639850959080427e-03
     1.20     1.019    3.8197427325396649e-01    5.6532104840526509e-03
     1.30     1.100    3.8127487620592238e-01    4.9953722416129498e-03
     1.40     1.182    3.8071536142597751e-01    4.4683588758106518e-03
     1.50     1.264    3.8022437845259449e-01    4.0054262231868920e-03
     1.60     1.346    3.7976765328104978e-01    3.5744504861681126e-03
     1.70     1.429    3.7932785999346402e-01    3.1591730707118959e-03
     1.80     1.510    3.7889037800386521e-01    2.7458253504614172e-03
     1.90     1.594    3.7844104721851518e-01    2.3210304892443689e-03
     2.00     1.676    3.7795128757773133e-01    1.8577217357527154e-03
     2.10     1.758    3.7760227846511207e-01    1.5273563160641546e-03
     2.20     1.841    3.7740662965165567e-01    1.3420763559941484e-03
     2.30     1.923    3.7723886345762508e-01    1.1831607390652144e-03
     2.40     2.006    3.7708412677255687e-01    1.0365545252314368e-03
     2.50     2.088    3.7694083177284893e-01    9.0076449026743610e-04
     2.60     2.170    3.7680785374472497e-01    7.7473481772105668e-04
     2.70     2.253    3.7668660531853965e-01    6.5981418694882610e-04
     2.80     2.334    3.7657765052532399e-01    5.5654598678400724e-04
     2.90     2.417    3.7648336711735814e-01    4.6719003078266041e-04
     3.00     2.499    3.7640665524064748e-01    3.9449653541501206e-04
     3.10     2.582    3.7635062158979199e-01    3.4140452192121806e-04
     3.20     2.665    3.7630322796920185e-01    2.9650380156076572e-04
     3.30     2.747    3.7626027155410813e-01    2.5581159311283130e-04
     3.40     2.829    3.7622209288010217e-01    2.1965068578899682e-04
     3.50     2.921    3.7618810727672047e-01    1.8746693942062187e-04
     3.60     3.012    3.7615833901105533e-01    1.5928209509730173e-04
     3.70     3.104    3.7613282556909799e-01    1.3513040928625486e-04
     3.80     3.196    3.7611138439299363e-01    1.1483842361692531e-04
     3.90     3.288    3.7609360403698422e-01    9.8014956361192063e-05
     4.00     3.371    3.7607893139723170e-01    8.4133793909924037e-05
     4.10     3.455    3.7606645886837381e-01    7.2335065063766635e-05
     4.20     3.540    3.7605554432527999e-01    6.2010387482436258e-05
     4.30     3.625    3.7604594378662048e-01    5.2928538311292073e-05
     4.40     3.710    3.7603767233290775e-01    4.5104148001406941e-05
     4.50     3.796    3.7603056465260365e-01    3.8380572566110160e-05
     4.60     3.882    3.7602451316755819e-01    3.2655611658327643e-05
     4.70     3.968    3.7601943452648379e-01    2.7850022532582841e-05
     4.80     4.056    3.7601514676801290e-01    2.3791825518149068e-05
     4.90     4.145    3.7601151165621083e-01    2.0351065331603024e-05
     5.00     4.235    3.7600839360425359e-01    1.7398867046436450e-05
     5.10     4.326    3.7600571025880508e-01    1.4853858288033095e-05
     5.20     4.420    3.7600340457128967e-01    1.2660906706596364e-05
     5.30     4.513    3.7600141641768531e-01    1.0768964432195105e-05
     5.40     4.610    3.7599973266191505e-01    9.1668047157433818e-06
     5.50     4.711    3.7599830119274069e-01    7.8060537096469318e-06
     5.60     4.816    3.7599707849217601e-01    6.6497813020482965e-06
     5.70     4.926    3.7599600787282755e-01    5.6705357684982971e-06
     5.80     5.023    3.7599514737765166e-01    4.8335115749864599e-06
     5.90     5.128    3.7599441488777746e-01    4.1194200930405600e-06
     6.00     5.245    3.7599378029036773e-01    3.5033892262781308e-06
     6.10     5.368    3.7599324532125328e-01    2.9794987850273458e-06
     6.20     5.502    3.7599278829699073e-01    2.5307157445197959e-06
     6.30     5.663    3.7599239002078105e-01    2.1431505370372861e-06
     6.40     5.817    3.7599205890206067e-01    1.8197646740603091e-06
     6.50     5.966    3.7599178685730122e-01    1.5441512157821080e-06
     6.60     6.150    3.7599155406523377e-01    1.3094709183647524e-06
     6.70     6.329    3.7599135853862287e-01    1.1108919117930327e-06
     6.80     6.532    3.7599118919185270e-01    9.4140328599223722e-07
     6.90     6.765    3.7599104581750753e-01    7.9719077650253212e-07
     7.00     7.071    3.7599091504769100e-01    6.7470668252411770e-07
     7.10     7.337    3.7599081510323429e-01    5.6909617462963524e-07
     7.20     7.619    3.7599073586439857e-01    4.7560317462114199e-07
     7.30     8.011    3.7599066765483835e-01    3.9529287754191955e-07
     7.40     8.439    3.7599061375289905e-01    3.2865442811669254e-07
     7.50     8.919    3.7599056969311012e-01    2.7218833764663941e-07
     7.60     9.204    3.7599053896540563e-01    2.2305399660638159e-07
     7.70     9.515    3.7599051541952827e-01    1.8210730701184730e-07
     7.80     9.870    3.7599049651468386e-01    1.4781204527025693e-07
     7.90    10.274    3.7599048239855937e-01    1.1903208019248268e-07
     8.00    10.738    3.7599047110808020e-01    9.5443715153464836e-08
     8.10    11.189    3.7599046371617001e-01    7.5901615659290655e-08
     8.20    11.686    3.7599045798263320e-01    5.8794650925619862e-08
     8.30    12.245    3.7599045456731167e-01    4.3762051760154463e-08
     8.40    12.973    3.7599045246397444e-01    3.2852261355742485e-08
     8.50    13.802    3.7599045114906327e-01    2.4219055205776385e-08
     8.60    14.675    3.7599045034664969e-01    1.7403294805262703e-08
     8.70    15.559    3.7599044990505776e-01    1.2283736694485015e-08
     8.80    16.485    3.7599044966090372e-01    8.4339930594978796e-09
     8.90    17.430    3.7599044953968924e-01    5.6419882099589813e-09
     9.00    18.375    3.7599044948036348e-01    3.6746783393937221e-09
     9.10    19.368    3.7599044945345633e-01    2.3387194403312606e-09
     9.20    20.434    3.7599044944253673e-01    1.4519141444679917e-09
     9.30    21.448    3.7599044943723181e-01    7.5755934858534602e-10
     9.40    22.405    3.7599044943566295e-01    4.1731951228030084e-10
     9.50    23.363    3.7599044943515542e-01    2.1993162846456471e-10
     9.60    24.380    3.7599044943500282e-01    1.1018430612352859e-10
     9.70    25.457    3.7599044943495852e-01    5.3328896854054619e-11
