    epoch   elapsed                       val                 norm_grad
     0.00     0.000    6.9314718056034186e-01    7.7563972462139424e-03
     1.00     1.517    5.4292251764476263e-01    2.6325892663979777e-03
     2.00     3.004    4.9620048519930360e-01    1.5036691194419971e-03
     3.00     4.515    4.7919874034766086e-01    8.5580303008570002e-04
     4.00     6.014    4.7052751962503175e-01    7.6181186107221466e-04
     5.00     7.526    4.6594431333907010e-01    1.1197960934734574e-03
     6.00     9.042    4.6339882393558501e-01    6.8438277948379422e-04
     7.00    10.557    4.6191764674338093e-01    3.2289213848013532e-04
     8.00    12.073    4.6096510108218752e-01    3.1391618169962499e-04
     9.00    13.687    4.6032030385156847e-01    3.3468012935555791e-04
    10.00    15.215    4.5986590225156193e-01    2.0010476326159932e-04
    11.00    16.740    4.5953503048211031e-01    1.7397020162857046e-04
    12.00    18.267    4.5928948249210566e-01    1.8448033000595387e-04
    13.00    19.808    4.5910367540858166e-01    1.7690714643237015e-04
    14.00    21.338    4.5896044827205085e-01    1.4671333325999569e-04
    15.00    22.863    4.5884946028639217e-01    1.0289514221728524e-04
    16.00    24.395    4.5876253409166273e-01    9.7796242442882431e-05
    17.00    25.960    4.5869379028527757e-01    1.2083866736212201e-04
    18.00    27.460    4.5863901484517422e-01    9.3625858563761710e-05
    19.00    28.960    4.5859483116598132e-01    8.9822583735355011e-05
    20.00    30.471    4.5855914031486017e-01    5.2069053571024426e-05
    21.00    32.005    4.5853008214835556e-01    4.5255575373381873e-05
    22.00    33.499    4.5850624878436957e-01    5.6944130479408273e-05
    23.00    35.018    4.5848657162902540e-01    3.6981309405881291e-05
    24.00    36.528    4.5847026137081626e-01    5.1475675357792738e-05
    25.00    38.010    4.5845662574916640e-01    3.7293055597187319e-05
    26.00    39.505    4.5844517250645522e-01    3.3947961415314865e-05
    27.00    41.019    4.5843551987878384e-01    3.2567063465993584e-05
    28.00    42.530    4.5842734990633188e-01    2.7581343966742722e-05
    29.00    44.041    4.5842040060765654e-01    2.8875156506291688e-05
    30.00    45.550    4.5841446659008517e-01    2.2088930122565742e-05
    31.00    47.061    4.5840938937640496e-01    2.5008151150363034e-05
    32.00    48.570    4.5840502727468635e-01    2.1020736944210583e-05
    33.00    50.084    4.5840126824433530e-01    1.8076480024165065e-05
    34.00    51.601    4.5839802301426391e-01    1.6392855223035241e-05
    35.00    53.128    4.5839521476615491e-01    1.5378918330366531e-05
    36.00    54.657    4.5839277768232517e-01    1.4200441073253245e-05
    37.00    56.191    4.5839065967836956e-01    1.4418290298134906e-05
    38.00    57.722    4.5838881571850804e-01    1.5293538590643863e-05
    39.00    59.236    4.5838720757655743e-01    1.3499870670674596e-05
    40.00    60.812    4.5838580294724857e-01    1.3281404850573608e-05
    41.00    62.411    4.5838457555500250e-01    1.0131417548464583e-05
    42.00    64.019    4.5838350177163606e-01    9.8511305204329602e-06
    43.00    65.706    4.5838256054654164e-01    9.9780222102552329e-06
    44.00    67.406    4.5838173557376566e-01    9.1845264755807676e-06
    45.00    69.027    4.5838101147506310e-01    9.1675360129883643e-06
    46.00    70.696    4.5838037522314301e-01    7.7792716037805576e-06
    47.00    72.345    4.5837981579692882e-01    7.3602123167315625e-06
    48.00    74.058    4.5837932387411440e-01    6.6167630730085136e-06
    49.00    75.654    4.5837889120086456e-01    7.8425881300248079e-06
    50.00    77.243    4.5837850992190737e-01    5.9067641553500749e-06
    51.00    78.916    4.5837817395088970e-01    5.5032775758689922e-06
    52.00    80.387    4.5837787789721995e-01    6.3427927621262370e-06
    53.00    81.808    4.5837761655745535e-01    4.9749898569650952e-06
    54.00    83.394    4.5837738602744826e-01    5.6859309669476943e-06
    55.00    84.968    4.5837718230952207e-01    4.6304262681928776e-06
    56.00    86.401    4.5837700256785496e-01    5.5210538079109028e-06
    57.00    87.748    4.5837684346685031e-01    4.2772243298294654e-06
    58.00    89.082    4.5837670284247611e-01    4.3717020936639983e-06
    59.00    90.456    4.5837657835038814e-01    3.4875640981812950e-06
    60.00    91.790    4.5837646820131683e-01    3.4345578701078239e-06
    61.00    93.151    4.5837637056688524e-01    3.2888581014134388e-06
    62.00    94.487    4.5837628412125647e-01    2.8212019320683623e-06
    63.00    95.946    4.5837620748467317e-01    2.7250924756749839e-06
    64.00    97.450    4.5837613949079115e-01    2.7388572898523478e-06
    65.00    98.829    4.5837607914986062e-01    2.4954986472813800e-06
    66.00   100.336    4.5837602556298268e-01    2.3238050625984386e-06
    67.00   101.876    4.5837597790138740e-01    2.3292833359889187e-06
    68.00   103.282    4.5837593553046363e-01    1.9374543236416741e-06
    69.00   104.896    4.5837589784519112e-01    2.2528351641959432e-06
    70.00   106.517    4.5837586427990740e-01    1.9266213704405288e-06
    71.00   107.903    4.5837583437434970e-01    1.8595708555224633e-06
    72.00   109.459    4.5837580770896053e-01    1.8183067238553008e-06
    73.00   110.871    4.5837578391632344e-01    1.7778526903988734e-06
    74.00   112.197    4.5837576266324809e-01    1.3806105081393127e-06
    75.00   113.572    4.5837574366542899e-01    1.5554326080469139e-06
    76.00   114.890    4.5837572668039617e-01    1.2392047445963783e-06
    77.00   116.266    4.5837571147351081e-01    1.2747540147906022e-06
    78.00   117.626    4.5837569785105137e-01    1.4167199826609078e-06
    79.00   119.036    4.5837568563242520e-01    1.0470929778794158e-06
    80.00   120.362    4.5837567466228674e-01    1.1058552757958751e-06
    81.00   121.721    4.5837566481006081e-01    1.0820865461447227e-06
    82.00   123.085    4.5837565595005325e-01    1.0050209064971227e-06
    83.00   124.491    4.5837564797693253e-01    8.8578395862626280e-07
    84.00   125.879    4.5837564078334109e-01    1.0273837269814123e-06
    85.00   127.198    4.5837563429470202e-01    8.3790073945877452e-07
    86.00   128.629    4.5837562843599605e-01    8.6934499599067294e-07
    87.00   130.161    4.5837562314116914e-01    7.6020584582892070e-07
    88.00   131.660    4.5837561835170487e-01    7.9096420879665175e-07
    89.00   133.214    4.5837561401242166e-01    6.7672358339265770e-07
    90.00   134.741    4.5837561007564842e-01    6.6201594783876772e-07
    91.00   136.062    4.5837560650161363e-01    6.0118886491267176e-07
    92.00   137.452    4.5837560325361221e-01    7.2392857886072193e-07
    93.00   138.754    4.5837560029644808e-01    5.5717628866247537e-07
    94.00   140.130    4.5837559760304752e-01    6.1414906582513140e-07
    95.00   141.477    4.5837559514702930e-01    4.8823751264137627e-07
    96.00   142.872    4.5837559290456276e-01    5.4268821436664894e-07
    97.00   144.187    4.5837559085460794e-01    5.1933230471590264e-07
    98.00   145.493    4.5837558897907271e-01    4.6290642963242590e-07
    99.00   146.807    4.5837558726108091e-01    4.6981190271466744e-07
   100.00   148.116    4.5837558568546716e-01    4.3939979077478597e-07
   101.00   149.416    4.5837558423950125e-01    3.6434595163115091e-07
   102.00   150.719    4.5837558291013802e-01    4.2229167940277534e-07
   103.00   152.025    4.5837558168746811e-01    3.6496832178656291e-07
   104.00   153.332    4.5837558056112837e-01    3.4427101569534102e-07
   105.00   154.665    4.5837557952312225e-01    3.9025701514816546e-07
   106.00   156.066    4.5837557856514088e-01    3.1224683816333254e-07
   107.00   157.423    4.5837557768046033e-01    3.4717854324739506e-07
   108.00   158.736    4.5837557686262509e-01    3.0934130457183073e-07
   109.00   160.054    4.5837557610594232e-01    2.7719624418054423e-07
   110.00   161.369    4.5837557540513657e-01    2.7232635435581187e-07
   111.00   162.684    4.5837557475557594e-01    2.7613335973342146e-07
   112.00   163.994    4.5837557415297325e-01    2.5358382060858276e-07
   113.00   165.307    4.5837557359358155e-01    2.5171578554861185e-07
   114.00   166.618    4.5837557307391191e-01    2.5999238317808704e-07
   115.00   167.930    4.5837557259071293e-01    2.0118948773628631e-07
   116.00   169.243    4.5837557214113844e-01    2.0529214417308594e-07
   117.00   170.557    4.5837557172270682e-01    2.0580139858950020e-07
   118.00   171.879    4.5837557133286722e-01    2.0702440473030492e-07
   119.00   173.184    4.5837557096943526e-01    2.0139688450271365e-07
   120.00   174.497    4.5837557063047019e-01    1.9589987676482679e-07
   121.00   175.815    4.5837557031418635e-01    1.7962048515229867e-07
   122.00   177.127    4.5837557001889273e-01    1.5520433915838794e-07
   123.00   178.441    4.5837556974294141e-01    1.7407069607955350e-07
   124.00   179.776    4.5837556948503017e-01    1.4977125939452662e-07
   125.00   181.098    4.5837556924387324e-01    1.6467944918829858e-07
   126.00   182.408    4.5837556901826970e-01    1.4500384848403769e-07
   127.00   183.724    4.5837556880717434e-01    1.5000638109441411e-07
   128.00   185.041    4.5837556860951040e-01    1.3747839266997630e-07
   129.00   186.354    4.5837556842440852e-01    1.4541932635836474e-07
   130.00   187.682    4.5837556825091280e-01    1.2590133291467964e-07
   131.00   188.995    4.5837556808830981e-01    1.1871300209520541e-07
   132.00   190.306    4.5837556793590245e-01    1.2209481470293326e-07
   133.00   191.617    4.5837556779295824e-01    1.1784981523987881e-07
   134.00   192.930    4.5837556765888382e-01    9.9447460044643776e-08
   135.00   194.249    4.5837556753306558e-01    9.6548843142585383e-08
   136.00   195.560    4.5837556741493751e-01    1.1209912909038167e-07
   137.00   196.900    4.5837556730407059e-01    9.5340139338873087e-08
   138.00   198.217    4.5837556719998418e-01    8.6673153099070532e-08
   139.00   199.531    4.5837556710223926e-01    1.0531877103758802e-07
   140.00   200.844    4.5837556701037008e-01    8.9283624493674552e-08
   141.00   202.154    4.5837556692406783e-01    8.4933440280821060e-08
   142.00   203.461    4.5837556684295011e-01    7.9709871148025968e-08
   143.00   204.771    4.5837556676669761e-01    8.1348764613409230e-08
   144.00   206.090    4.5837556669501744e-01    6.9673817382209791e-08
   145.00   207.399    4.5837556662764667e-01    7.6612299171330278e-08
   146.00   208.705    4.5837556656426581e-01    6.6864023651191928e-08
   147.00   210.007    4.5837556650469369e-01    6.2903220854337860e-08
   148.00   211.320    4.5837556644863942e-01    6.6593924152869022e-08
   149.00   212.664    4.5837556639591526e-01    6.1167704679121471e-08
   150.00   213.976    4.5837556634630450e-01    5.7006358744615682e-08
   151.00   215.322    4.5837556629965170e-01    6.3937166228100750e-08
   152.00   216.642    4.5837556625573445e-01    5.9012966513449783e-08
   153.00   217.948    4.5837556621439129e-01    5.6555585103978956e-08
   154.00   219.252    4.5837556617549807e-01    5.1826741565008660e-08
   155.00   220.554    4.5837556613889929e-01    5.4686009498539079e-08
   156.00   221.861    4.5837556610443964e-01    4.7081345044830414e-08
   157.00   223.173    4.5837556607201130e-01    5.5323325476308582e-08
   158.00   224.486    4.5837556604147683e-01    4.6187244251427728e-08
   159.00   225.802    4.5837556601270912e-01    4.9980067196031541e-08
   160.00   227.107    4.5837556598566426e-01    4.0219145347464291e-08
   161.00   228.486    4.5837556596018186e-01    4.0630561581878055e-08
   162.00   229.800    4.5837556593617818e-01    4.5324895392440112e-08
   163.00   231.106    4.5837556591358680e-01    3.3742273419790081e-08
   164.00   232.413    4.5837556589231138e-01    3.7650615514195351e-08
   165.00   233.720    4.5837556587226586e-01    3.6252629787014712e-08
   166.00   235.023    4.5837556585340711e-01    3.2486110690399528e-08
   167.00   236.330    4.5837556583561906e-01    3.6631258026886826e-08
   168.00   237.635    4.5837556581887490e-01    3.2116753256872244e-08
   169.00   238.943    4.5837556580310013e-01    3.4198822884690117e-08
   170.00   240.245    4.5837556578826638e-01    3.2693797447080897e-08
   171.00   241.552    4.5837556577426541e-01    3.0503247039348480e-08
   172.00   242.859    4.5837556576108979e-01    2.8754031156097426e-08
   173.00   244.172    4.5837556574867627e-01    2.9582559957219701e-08
   174.00   245.475    4.5837556573696819e-01    2.9061236972438564e-08
   175.00   246.777    4.5837556572596300e-01    2.8779583605142989e-08
   176.00   248.090    4.5837556571558685e-01    2.4205287108003404e-08
   177.00   249.402    4.5837556570581361e-01    2.7650740364038029e-08
   178.00   250.710    4.5837556569659454e-01    2.5067458331307080e-08
   179.00   252.012    4.5837556568792270e-01    2.2310855385399009e-08
   180.00   253.318    4.5837556567975635e-01    2.2292463430773068e-08
   181.00   254.621    4.5837556567205678e-01    2.2152341294656708e-08
   182.00   255.925    4.5837556566479909e-01    2.1315755383000123e-08
   183.00   257.232    4.5837556565794718e-01    2.2774911290213140e-08
   184.00   258.533    4.5837556565150578e-01    2.0005429313130207e-08
   185.00   259.836    4.5837556564544363e-01    2.1006716366400724e-08
   186.00   261.145    4.5837556563973125e-01    1.7052485645763227e-08
   187.00   262.455    4.5837556563434612e-01    2.0409289369638373e-08
   188.00   263.760    4.5837556562927123e-01    1.6887043319258055e-08
   189.00   265.127    4.5837556562449089e-01    1.6542232916805233e-08
   190.00   266.499    4.5837556561996612e-01    1.7209349056912515e-08
   191.00   267.810    4.5837556561573789e-01    1.4064995390583590e-08
   192.00   269.123    4.5837556561172516e-01    1.6220804699429436e-08
   193.00   270.431    4.5837556560797948e-01    1.6410326875160308e-08
   194.00   271.742    4.5837556560441911e-01    1.3680153454487254e-08
   195.00   273.046    4.5837556560107273e-01    1.5085595883590486e-08
   196.00   274.351    4.5837556559791509e-01    1.2651354186488106e-08
   197.00   275.659    4.5837556559493603e-01    1.4819998117587829e-08
   198.00   276.963    4.5837556559215231e-01    1.3006620891431453e-08
   199.00   278.274    4.5837556558952391e-01    1.3196054027275750e-08
   200.00   279.577    4.5837556558701908e-01    1.2049303332872796e-08
   201.00   280.883    4.5837556558467185e-01    1.1607983907424568e-08
   202.00   282.193    4.5837556558246129e-01    1.1760179052799913e-08
   203.00   283.503    4.5837556558039499e-01    1.1180604886362744e-08
   204.00   284.807    4.5837556557842790e-01    1.2799415749498166e-08
   205.00   286.111    4.5837556557656678e-01    9.5485761519853440e-09
   206.00   287.414    4.5837556557484938e-01    1.1515314923826736e-08
   207.00   288.719    4.5837556557319509e-01    8.7283207328425760e-09
   208.00   290.092    4.5837556557166576e-01    1.0135164707492095e-08
   209.00   291.470    4.5837556557020853e-01    1.1339814864896880e-08
   210.00   292.842    4.5837556556883235e-01    8.7372429291576736e-09
   211.00   294.153    4.5837556556755432e-01    9.6274792582562441e-09
   212.00   295.526    4.5837556556630815e-01    9.6846708430575745e-09
   213.00   296.902    4.5837556556518416e-01    7.5130683896418304e-09
   214.00   298.210    4.5837556556409131e-01    7.5886825712245809e-09
   215.00   299.515    4.5837556556305459e-01    8.5936484595094953e-09
   216.00   300.827    4.5837556556212744e-01    7.4344503886436542e-09
   217.00   302.132    4.5837556556119780e-01    6.7571517270437198e-09
   218.00   303.491    4.5837556556035486e-01    7.4804731298172555e-09
   219.00   304.865    4.5837556555955722e-01    7.1285986003033486e-09
   220.00   306.184    4.5837556555880549e-01    6.8071930314772544e-09
   221.00   307.489    4.5837556555809300e-01    7.3199974970350468e-09
   222.00   308.795    4.5837556555741443e-01    5.6712217144649912e-09
   223.00   310.100    4.5837556555678294e-01    5.4867732579566564e-09
   224.00   311.404    4.5837556555616710e-01    6.6092202821721457e-09
   225.00   312.710    4.5837556555561670e-01    5.7178648482647532e-09
   226.00   314.014    4.5837556555509723e-01    5.5734687975927955e-09
   227.00   315.320    4.5837556555459269e-01    6.2614269324967609e-09
   228.00   316.640    4.5837556555411668e-01    5.3508295572157749e-09
   229.00   318.007    4.5837556555367659e-01    4.9022303993950800e-09
   230.00   319.371    4.5837556555325382e-01    5.4879616406822151e-09
   231.00   320.676    4.5837556555285114e-01    4.6891956984040917e-09
   232.00   321.981    4.5837556555250641e-01    4.2928198773495296e-09
   233.00   323.352    4.5837556555214631e-01    5.4558864093223747e-09
   234.00   324.727    4.5837556555180659e-01    4.1741547995854944e-09
   235.00   326.057    4.5837556555149500e-01    4.6840944456505440e-09
   236.00   327.422    4.5837556555122205e-01    4.8020463161435600e-09
   237.00   328.775    4.5837556555094022e-01    3.5477190074573173e-09
   238.00   330.156    4.5837556555066872e-01    4.0159400249706323e-09
   239.00   331.504    4.5837556555043357e-01    4.4662531450967435e-09
   240.00   332.818    4.5837556555019682e-01    3.5993577007786826e-09
   241.00   334.135    4.5837556554998848e-01    3.8758258824600489e-09
   242.00   335.444    4.5837556554977937e-01    3.6717797691210308e-09
   243.00   336.757    4.5837556554957531e-01    3.0765883174410646e-09
   244.00   338.068    4.5837556554940151e-01    3.8198764151786690e-09
   245.00   339.378    4.5837556554923486e-01    2.9105979848509378e-09
   246.00   340.693    4.5837556554906805e-01    3.2560296681083400e-09
   247.00   342.002    4.5837556554892728e-01    3.4234459711512955e-09
   248.00   343.386    4.5837556554874936e-01    2.9313076410630856e-09
   249.00   344.771    4.5837556554862402e-01    3.1016331725197688e-09
   250.00   346.086    4.5837556554851144e-01    2.4587156755018214e-09
   251.00   347.479    4.5837556554838282e-01    2.9328424133723274e-09
   252.00   348.866    4.5837556554826853e-01    2.5155078020588917e-09
   253.00   350.248    4.5837556554816222e-01    2.6911939343676750e-09
   254.00   351.559    4.5837556554806658e-01    2.3604473931015946e-09
   255.00   352.872    4.5837556554796421e-01    2.8209963254255399e-09
   256.00   354.260    4.5837556554787429e-01    2.1462684962614276e-09
   257.00   355.653    4.5837556554779912e-01    2.2626371887213281e-09
   258.00   356.989    4.5837556554771963e-01    2.2337571792263589e-09
   259.00   358.303    4.5837556554763537e-01    2.2809940602996903e-09
   260.00   359.676    4.5837556554759240e-01    1.8637491550066443e-09
   261.00   361.063    4.5837556554750186e-01    1.9530337347362092e-09
   262.00   362.390    4.5837556554744613e-01    2.0486679019882104e-09
   263.00   363.710    4.5837556554738423e-01    1.7307568711544263e-09
   264.00   365.081    4.5837556554731479e-01    2.2521304821054855e-09
   265.00   366.472    4.5837556554728909e-01    1.7329424562007034e-09
   266.00   367.833    4.5837556554723186e-01    1.7884489444952578e-09
   267.00   369.145    4.5837556554719128e-01    1.7847199274001468e-09
   268.00   370.587    4.5837556554714731e-01    1.5557497512475038e-09
   269.00   371.970    4.5837556554710335e-01    1.9195907086100306e-09
   270.00   373.326    4.5837556554705994e-01    1.4107484069825205e-09
   271.00   374.645    4.5837556554702502e-01    1.5896564065087659e-09
   272.00   375.996    4.5837556554698772e-01    1.3511618490724686e-09
   273.00   377.376    4.5837556554695669e-01    1.6542527347951363e-09
   274.00   378.735    4.5837556554693054e-01    1.3883649785384478e-09
   275.00   380.052    4.5837556554690256e-01    1.3389471753555426e-09
   276.00   381.381    4.5837556554687248e-01    1.2825824846629530e-09
   277.00   382.762    4.5837556554683545e-01    1.1500134178277222e-09
   278.00   384.152    4.5837556554682246e-01    1.0769420910605731e-09
   279.00   385.471    4.5837556554681297e-01    1.3694796408003640e-09
   280.00   386.791    4.5837556554677072e-01    1.1324536863810408e-09
   281.00   388.177    4.5837556554675657e-01    1.1377219166774921e-09
   282.00   389.555    4.5837556554672676e-01    1.1066676464110969e-09
   283.00   390.871    4.5837556554671999e-01    1.1428498147836308e-09
   284.00   392.187    4.5837556554669778e-01    9.7460439718588532e-10
   285.00   393.570    4.5837556554668918e-01    1.1378298303554857e-09
   286.00   394.951    4.5837556554666525e-01    9.2899821169112329e-10
   287.00   396.263    4.5837556554666531e-01    9.5282093326432005e-10
   288.00   397.578    4.5837556554664188e-01    8.5751805656286706e-10
   289.00   398.956    4.5837556554661946e-01    8.9239060585555308e-10
   290.00   400.348    4.5837556554662984e-01    9.3339602713626846e-10
   291.00   401.661    4.5837556554660647e-01    8.0416251435622144e-10
   292.00   402.973    4.5837556554658720e-01    8.2292617165080628e-10
   293.00   404.358    4.5837556554657721e-01    7.0298389331924227e-10
   294.00   405.744    4.5837556554656905e-01    8.1858875233820072e-10
   295.00   407.061    4.5837556554656972e-01    7.1799721723664334e-10
   296.00   408.375    4.5837556554655934e-01    6.7757310873162169e-10
   297.00   409.747    4.5837556554656250e-01    6.8602057368138958e-10
   298.00   411.129    4.5837556554654668e-01    5.9034599431129209e-10
   299.00   412.459    4.5837556554654812e-01    6.6282490607250111e-10
   300.00   413.777    4.5837556554653625e-01    7.1738348594863055e-10
   301.00   415.135    4.5837556554651482e-01    5.7842086675918836e-10
   302.00   416.519    4.5837556554652364e-01    6.5483307665203938e-10
   303.00   417.867    4.5837556554651121e-01    5.8770899258320242e-10
   304.00   419.186    4.5837556554651981e-01    5.0373172300055558e-10
   305.00   420.534    4.5837556554649922e-01    5.2712456621861747e-10
   306.00   421.914    4.5837556554649417e-01    4.7244297363135956e-10
   307.00   423.282    4.5837556554648934e-01    5.4854787379099434e-10
   308.00   424.600    4.5837556554649955e-01    4.8066217672726452e-10
   309.00   425.934    4.5837556554647579e-01    5.4363180623795415e-10
   310.00   427.314    4.5837556554649633e-01    4.6311621204608855e-10
   311.00   428.681    4.5837556554648051e-01    4.1513636972467793e-10
   312.00   429.996    4.5837556554648490e-01    4.3062309273977917e-10
   313.00   431.313    4.5837556554648301e-01    4.1874503864391954e-10
   314.00   432.695    4.5837556554646336e-01    3.8266723123570046e-10
   315.00   434.079    4.5837556554646647e-01    4.0271830314964063e-10
   316.00   435.397    4.5837556554647191e-01    3.9309977495349813e-10
   317.00   436.713    4.5837556554646169e-01    3.7601122215846772e-10
   318.00   438.101    4.5837556554645964e-01    3.8926595280486254e-10
   319.00   439.492    4.5837556554645525e-01    3.2735947286255396e-10
   320.00   440.808    4.5837556554645820e-01    3.5146774379768431e-10
   321.00   442.129    4.5837556554647008e-01    3.6095437749850134e-10
   322.00   443.511    4.5837556554644432e-01    3.3459635062627058e-10
   323.00   444.903    4.5837556554645897e-01    2.8949109776021942e-10
   324.00   446.250    4.5837556554643955e-01    3.1300784186782948e-10
   325.00   447.564    4.5837556554645442e-01    2.8427749043657968e-10
   326.00   448.954    4.5837556554643927e-01    2.8724223000153870e-10
   327.00   450.338    4.5837556554644793e-01    2.5703572603674729e-10
   328.00   451.656    4.5837556554644976e-01    3.1559244106915685e-10
   329.00   452.975    4.5837556554644282e-01    2.3610713384414339e-10
   330.00   454.402    4.5837556554644798e-01    3.1229685504285953e-10
   331.00   455.816    4.5837556554644526e-01    2.2877033600821051e-10
   332.00   457.207    4.5837556554644077e-01    2.2474999639143789e-10
   333.00   458.620    4.5837556554644376e-01    2.5988633467477484e-10
   334.00   460.128    4.5837556554644143e-01    2.1805890426662700e-10
   335.00   461.589    4.5837556554643644e-01    2.1719515075346862e-10
   336.00   462.944    4.5837556554645204e-01    2.3678747851363369e-10
   337.00   464.302    4.5837556554643794e-01    2.0702106695580369e-10
   338.00   465.693    4.5837556554643816e-01    1.8034729265536953e-10
   339.00   467.090    4.5837556554645009e-01    2.2924417919512052e-10
   340.00   468.444    4.5837556554642966e-01    1.6937051761090061e-10
   341.00   469.850    4.5837556554644376e-01    1.9640067350223944e-10
   342.00   471.291    4.5837556554642456e-01    1.9225154801461031e-10
   343.00   472.718    4.5837556554643666e-01    1.6238654865219360e-10
   344.00   474.047    4.5837556554644615e-01    1.9976864606974232e-10
   345.00   475.484    4.5837556554643005e-01    1.4858070329637485e-10
   346.00   476.943    4.5837556554640885e-01    1.6987922180078385e-10
   347.00   478.396    4.5837556554642295e-01    1.4879697474157183e-10
   348.00   479.741    4.5837556554642894e-01    1.5728396363101638e-10
   349.00   481.071    4.5837556554642578e-01    1.4498713341026814e-10
   350.00   482.535    4.5837556554643039e-01    1.3162093637220096e-10
   351.00   484.181    4.5837556554642256e-01    1.4363665812311410e-10
   352.00   486.545    4.5837556554642223e-01    1.3541212595669094e-10
   353.00   488.159    4.5837556554642261e-01    1.1827672175002135e-10
   354.00   489.732    4.5837556554642472e-01    1.4904300016382876e-10
   355.00   491.303    4.5837556554642916e-01    1.1407719213707423e-10
   356.00   492.867    4.5837556554642733e-01    1.0833245411845382e-10
   357.00   494.406    4.5837556554643549e-01    1.2804068916238975e-10
   358.00   495.924    4.5837556554642245e-01    1.0118950122262049e-10
   359.00   497.459    4.5837556554642445e-01    1.3661560771538461e-10
   360.00   499.457    4.5837556554644021e-01    9.2764018688740180e-11
