    epoch   elapsed                       val                 norm_grad
     0.00     0.000    6.9314718055994684e-01    2.1882509462466615e-01
     0.10     0.428    3.7816565056151585e-01    2.0612567819540840e-03
     0.20     0.733    3.7616010895776503e-01    1.6186498971777814e-04
     0.30     1.044    3.7601020719549527e-01    1.9910622143955993e-05
     0.40     1.382    3.7599299840906691e-01    3.2743668542078151e-06
     0.50     1.755    3.7599060238907689e-01    5.8554879917052630e-07
     0.60     2.095    3.7599044362588935e-01    2.1730922218488327e-07
     0.70     2.428    3.7599043449980152e-01    1.6378187698735928e-07
     0.80     2.678    3.7599038807321145e-01    1.1954904123635724e-07
     0.90     2.932    3.7599042116196563e-01    1.6141047546394058e-07
     1.00     3.175    3.7599042023024309e-01    1.6202222171261546e-07
     1.10     3.428    3.7599041738837813e-01    1.5537448036307400e-07
     1.20     3.671    3.7599038320054923e-01    1.2973153641907177e-07
     1.30     3.917    3.7599038317775124e-01    1.2768757842710043e-07
     1.40     4.172    3.7599038307483684e-01    1.2412246956807401e-07
     1.50     4.417    3.7599038255998896e-01    1.2229605981487802e-07
     1.60     4.660    3.7599038266848617e-01    1.2113753762247345e-07
     1.70     4.915    3.7599038177269922e-01    1.1880999528542149e-07
     1.80     5.158    3.7599038220739284e-01    1.1668292580673094e-07
     1.90     5.403    3.7599038328978390e-01    1.1725839459111717e-07
     2.00     5.664    3.7599032370010449e-01    1.9252528003964831e-08
     2.10     5.919    3.7599032370726526e-01    1.9424246867098147e-08
     2.20     6.163    3.7599032368923913e-01    1.8818839224850484e-08
     2.30     6.408    3.7599032376580116e-01    1.9358353784789397e-08
     2.40     6.663    3.7599032423170781e-01    2.5489341892774728e-08
     2.50     6.907    3.7599032439916058e-01    2.5768488372362162e-08
     2.60     7.128    3.7599032456205161e-01    2.7316131950017493e-08
     2.70     7.406    3.7599032410447880e-01    2.6552536328439167e-08
     2.80     7.753    3.7599032270792665e-01    2.2359189518417747e-08
     2.90     8.037    3.7599032182838638e-01    1.9130101340741750e-08
     3.00     8.411    3.7599032114099712e-01    1.4473010831990605e-08
     3.10     8.764    3.7599032078894262e-01    1.3155544970655211e-08
     3.20     9.078    3.7599032045649639e-01    1.0531802720549330e-08
     3.30     9.436    3.7599032028445606e-01    9.1334013916629313e-09
     3.40     9.790    3.7599032010773242e-01    6.8260783360513513e-09
     3.50    10.126    3.7599032004128718e-01    4.5193314888216537e-09
     3.60    10.455    3.7599032001412402e-01    1.7911940923838801e-09
     3.70    10.783    3.7599032000976484e-01    1.2411688743994220e-09
     3.80    11.127    3.7599032001774796e-01    2.5500975731484048e-09
     3.90    11.457    3.7599032001455512e-01    2.2536884264513846e-09
     4.00    11.801    3.7599032001261534e-01    2.1131071352628550e-09
     4.10    12.154    3.7599032001091048e-01    1.9184118036017164e-09
     4.20    12.516    3.7599032000676974e-01    1.0847085401015449e-09
     4.30    12.847    3.7599032000508498e-01    1.9437893270083020e-10
     4.40    13.194    3.7599032000593663e-01    8.3464145595385370e-10
     4.50    13.542    3.7599032000755206e-01    1.3542216153536679e-09
     4.60    13.901    3.7599032000734062e-01    1.2936125266192896e-09
     4.70    14.263    3.7599032000633703e-01    9.8675140800336054e-10
     4.80    14.573    3.7599032000573135e-01    7.4946388383230785e-10
     4.90    14.906    3.7599032000511612e-01    3.8465869044531801e-10
     5.00    15.261    3.7599032000492938e-01    1.5943601120401084e-10
     5.10    15.591    3.7599032000490423e-01    7.6444088039866103e-11
     5.20    15.897    3.7599032000497529e-01    2.1188666114991153e-10
     5.30    16.231    3.7599032000494303e-01    1.7098572518287095e-10
     5.40    16.578    3.7599032000491756e-01    1.2146124096111010e-10
     5.50    16.913    3.7599032000490029e-01    7.6869828982896063e-11
     5.60    17.250    3.7599032000489363e-01    4.7510309440694291e-11
     5.70    17.590    3.7599032000489180e-01    3.1965053335456429e-11
     5.80    17.925    3.7599032000489147e-01    2.6002077999912718e-11
     5.90    18.266    3.7599032000489080e-01    1.1559107921422791e-11
     6.00    18.616    3.7599032000489024e-01    1.0628488770210822e-11
     6.10    18.986    3.7599032000489058e-01    8.5475058142293291e-12
     6.20    19.315    3.7599032000489013e-01    5.8572328911704497e-12
     6.30    19.672    3.7599032000489013e-01    3.5673159427290084e-12
     6.40    20.041    3.7599032000488997e-01    2.7021604200010666e-12
     6.50    20.370    3.7599032000489041e-01    2.1633720670683504e-12
     6.60    20.730    3.7599032000489041e-01    2.0887951574770408e-12
     6.70    21.057    3.7599032000489041e-01    1.7137511704898732e-12
     6.80    21.423    3.7599032000489024e-01    1.4553779182389042e-12
     6.90    21.778    3.7599032000489008e-01    1.1927803150830733e-12
     7.00    22.116    3.7599032000489013e-01    8.3853627593060045e-13
     7.10    22.476    3.7599032000489019e-01    4.6435694020245975e-13
     7.20    22.832    3.7599032000489002e-01    1.1626468635100375e-13
     7.30    23.214    3.7599032000489002e-01    1.1660249223030094e-13
     7.40    23.587    3.7599032000489058e-01    1.2808726583404935e-13
     7.50    23.912    3.7599032000488958e-01    1.1850202256220090e-13
     7.60    24.247    3.7599032000489008e-01    9.7921638161170338e-14
     7.70    24.591    3.7599032000489019e-01    7.5817308715614808e-14
     7.80    24.917    3.7599032000489019e-01    4.4104940474343378e-14
     7.90    25.249    3.7599032000488986e-01    3.6601953500323390e-14
     8.00    25.606    3.7599032000488986e-01    3.5951283648945951e-14
     8.10    25.987    3.7599032000489052e-01    2.9022672794398164e-14
     8.20    26.298    3.7599032000489041e-01    1.9365853090111877e-14
     8.30    26.648    3.7599032000489063e-01    1.1814396317387715e-14
     8.40    26.994    3.7599032000489052e-01    6.3365889980263111e-15
     8.50    27.364    3.7599032000489063e-01    5.9145341591589870e-15
     8.60    27.733    3.7599032000489019e-01    6.6263256322489601e-15
     8.70    28.113    3.7599032000489035e-01    8.2322195790701676e-15
     8.80    28.442    3.7599032000489035e-01    8.2162472438063255e-15
     8.90    28.767    3.7599032000489041e-01    5.2874412274010539e-15
     9.00    29.129    3.7599032000489052e-01    2.5408920704946029e-15
     9.10    29.597    3.7599032000489047e-01    1.0897655642924095e-15
     9.20    29.965    3.7599032000489041e-01    1.1333209778220709e-15
     9.30    30.276    3.7599032000489041e-01    1.1615237074245112e-15
     9.40    30.623    3.7599032000489047e-01    3.4994587953490722e-15
     9.50    30.976    3.7599032000489035e-01    3.6917756887661665e-15
     9.60    31.324    3.7599032000489041e-01    3.5375994633924583e-15
     9.70    31.701    3.7599032000489041e-01    5.7660230000481395e-16
     9.80    32.020    3.7599032000489047e-01    5.8516144809902741e-16
     9.90    32.362    3.7599032000489041e-01    5.9183294646074740e-16
    10.00    32.728    3.7599032000489041e-01    5.9161040096156552e-16
    10.10    33.100    3.7599032000489024e-01    2.0420447609944707e-15
    10.20    33.455    3.7599032000489041e-01    1.8149351160763719e-15
    10.30    33.800    3.7599032000489035e-01    1.8429805281272187e-15
    10.40    34.178    3.7599032000489041e-01    4.5253933522934886e-16
    10.50    34.505    3.7599032000489035e-01    4.7288944943887277e-16
    10.60    34.846    3.7599032000489035e-01    5.0003186708568909e-16
    10.70    35.200    3.7599032000489024e-01    1.6374124370434995e-15
    10.80    35.541    3.7599032000489030e-01    1.5617017056529029e-15
    10.90    35.870    3.7599032000489024e-01    1.6994578762946113e-15
    11.00    36.204    3.7599032000489030e-01    1.5971665823470471e-15
    11.10    36.565    3.7599032000489041e-01    4.7406683392095267e-16
    11.20    36.872    3.7599032000489041e-01    4.9603882793748163e-16
    11.30    37.213    3.7599032000489041e-01    4.7643771181395166e-16
    11.40    37.584    3.7599032000489030e-01    1.4136885127863299e-15
    11.50    37.913    3.7599032000489035e-01    1.4610857236576019e-15
    11.60    38.258    3.7599032000489030e-01    1.4539831320546390e-15
    11.70    38.621    3.7599032000489041e-01    4.5951962362925250e-16
    11.80    38.951    3.7599032000489035e-01    4.5808912891076657e-16
    11.90    39.311    3.7599032000489035e-01    4.5146976215958666e-16
    12.00    39.656    3.7599032000489035e-01    4.5086272346615059e-16
    12.10    40.007    3.7599032000489030e-01    1.4411083457174908e-15
    12.20    40.367    3.7599032000489030e-01    1.4411098280251485e-15
    12.30    40.714    3.7599032000489030e-01    1.4411095103877933e-15
    12.40    41.108    3.7599032000489035e-01    4.5084699473020047e-16
    12.50    41.471    3.7599032000489035e-01    4.5084697353369727e-16
    12.60    41.810    3.7599032000489035e-01    4.5084699607436896e-16
    12.70    42.156    3.7599032000489030e-01    1.4411098809647077e-15
    12.80    42.504    3.7599032000489030e-01    1.4411094045086749e-15
    12.90    42.879    3.7599032000489030e-01    1.4411099339042670e-15
    13.00    43.247    3.7599032000489030e-01    1.4411101456625038e-15
    13.10    43.627    3.7599032000489035e-01    4.5084694727071282e-16
    13.20    43.967    3.7599032000489035e-01    4.5084693455281090e-16
    13.30    44.300    3.7599032000489035e-01    4.5084692628100478e-16
    13.40    44.664    3.7599032000489030e-01    1.4411094045086749e-15
    13.50    45.004    3.7599032000489030e-01    1.4411099868438262e-15
    13.60    45.342    3.7599032000489030e-01    1.4411093515691157e-15
    13.70    45.693    3.7599032000489035e-01    4.5084693858531639e-16
    13.80    46.048    3.7599032000489035e-01    4.5084695099302558e-16
    13.90    46.385    3.7599032000489035e-01    4.5084687261766254e-16
    14.00    46.750    3.7599032000489035e-01    4.5084692535042659e-16
    14.10    47.144    3.7599032000489030e-01    1.4411098809647077e-15
    14.20    47.475    3.7599032000489030e-01    1.4411098809647077e-15
    14.30    47.836    3.7599032000489030e-01    1.4411099339042670e-15
    14.40    48.164    3.7599032000489035e-01    4.5084691656163258e-16
    14.50    48.502    3.7599032000489035e-01    4.5084702492229283e-16
    14.60    48.848    3.7599032000489035e-01    4.5084700248501871e-16
    14.70    49.220    3.7599032000489030e-01    1.4411097750855893e-15
    14.80    49.573    3.7599032000489030e-01    1.4411097221460301e-15
    14.90    49.946    3.7599032000489030e-01    1.4411095633273525e-15
    15.00    50.312    3.7599032000489030e-01    1.4411098280251485e-15
    15.10    50.683    3.7599032000489035e-01    4.5084704839354271e-16
    15.20    51.066    3.7599032000489035e-01    4.5084704601539845e-16
    15.30    51.389    3.7599032000489035e-01    4.5084700176123567e-16
    15.40    51.753    3.7599032000489030e-01    1.4411089280526421e-15
    15.50    52.099    3.7599032000489030e-01    1.4411094574482341e-15
    15.60    52.430    3.7599032000489030e-01    1.4411098809647077e-15
    15.70    52.787    3.7599032000489035e-01    4.5084704611879602e-16
    15.80    53.146    3.7599032000489035e-01    4.5084712821647182e-16
    15.90    53.512    3.7599032000489035e-01    4.5084705687214399e-16
    16.00    53.864    3.7599032000489035e-01    4.5084707848223749e-16
    16.10    54.226    3.7599032000489030e-01    1.4411098809647077e-15
    16.20    54.581    3.7599032000489030e-01    1.4411098280251485e-15
    16.30    54.891    3.7599032000489030e-01    1.4411091398108789e-15
    16.40    55.263    3.7599032000489035e-01    4.5084708489288724e-16
    16.50    55.620    3.7599032000489035e-01    4.5084705190906031e-16
    16.60    55.949    3.7599032000489035e-01    4.5084708551327269e-16
    16.70    56.320    3.7599032000489030e-01    1.4411096692064709e-15
    16.80    56.679    3.7599032000489030e-01    1.4411099339042670e-15
    16.90    57.030    3.7599032000489030e-01    1.4411094045086749e-15
    17.00    57.370    3.7599032000489030e-01    1.4411106750580958e-15
    17.10    57.721    3.7599032000489035e-01    4.5084730750786959e-16
    17.20    58.095    3.7599032000489035e-01    4.5084729199823310e-16
    17.30    58.479    3.7599032000489035e-01    4.5084733015193886e-16
    17.40    58.836    3.7599032000489030e-01    1.4411102515416222e-15
    17.50    59.191    3.7599032000489030e-01    1.4411089280526421e-15
    17.60    59.545    3.7599032000489030e-01    1.4411086633548461e-15
    17.70    59.909    3.7599032000489035e-01    4.5084737244154767e-16
    17.80    60.270    3.7599032000489035e-01    4.5084739053612357e-16
    17.90    60.625    3.7599032000489035e-01    4.5084744068394821e-16
    18.00    61.005    3.7599032000489035e-01    4.5084743075778086e-16
    18.10    61.353    3.7599032000489030e-01    1.4411096692064709e-15
    18.20    61.691    3.7599032000489030e-01    1.4411087692339645e-15
    18.30    62.016    3.7599032000489030e-01    1.4411089809922013e-15
    18.40    62.387    3.7599032000489035e-01    4.5084738360848594e-16
    18.50    62.756    3.7599032000489035e-01    4.5084743024079298e-16
    18.60    63.116    3.7599032000489035e-01    4.5084741452436134e-16
    18.70    63.501    3.7599032000489030e-01    1.4411096692064709e-15
    18.80    63.833    3.7599032000489030e-01    1.4411090339317605e-15
    18.90    64.184    3.7599032000489030e-01    1.4411105162394182e-15
    19.00    64.514    3.7599032000489030e-01    1.4411100927229446e-15
    19.10    64.852    3.7599032000489035e-01    4.5084743055098571e-16
    19.20    65.213    3.7599032000489035e-01    4.5084751895591367e-16
    19.30    65.566    3.7599032000489035e-01    4.5084750375646992e-16
    19.40    65.881    3.7599032000489030e-01    1.4411087162944053e-15
    19.50    66.212    3.7599032000489030e-01    1.4411081339592540e-15
    19.60    66.565    3.7599032000489030e-01    1.4411087162944053e-15
    19.70    66.965    3.7599032000489035e-01    4.5084747418476302e-16
    19.80    67.326    3.7599032000489035e-01    4.5084741938404744e-16
    19.90    67.674    3.7599032000489035e-01    4.5084743996016517e-16
    20.00    68.004    3.7599032000489035e-01    4.5084746736052296e-16
    20.10    68.335    3.7599032000489030e-01    1.4411090868713197e-15
    20.20    68.674    3.7599032000489030e-01    1.4411101986020630e-15
    20.30    69.011    3.7599032000489030e-01    1.4411109397558918e-15
    20.40    69.391    3.7599032000489035e-01    4.5084746456878840e-16
    20.50    69.736    3.7599032000489035e-01    4.5084750241230142e-16
    20.60    70.048    3.7599032000489035e-01    4.5084749424389287e-16
    20.70    70.408    3.7599032000489030e-01    1.4411087692339645e-15
    20.80    70.747    3.7599032000489030e-01    1.4411077633823396e-15
    20.90    71.098    3.7599032000489030e-01    1.4411091398108789e-15
    21.00    71.453    3.7599032000489030e-01    1.4411086104152869e-15
    21.10    71.810    3.7599032000489035e-01    4.5084750106813293e-16
    21.20    72.193    3.7599032000489035e-01    4.5084749775941048e-16
    21.30    72.560    3.7599032000489035e-01    4.5084756010814915e-16
    21.40    72.955    3.7599032000489030e-01    1.4411081868988132e-15
    21.50    73.317    3.7599032000489030e-01    1.4411085045361685e-15
    21.60    73.640    3.7599032000489030e-01    1.4411085574757277e-15
    21.70    74.034    3.7599032000489035e-01    4.5084748328374976e-16
    21.80    74.372    3.7599032000489035e-01    4.5084752443598523e-16
    21.90    74.718    3.7599032000489035e-01    4.5084750809916813e-16
    22.00    75.066    3.7599032000489035e-01    4.5084746984206480e-16
    22.10    75.452    3.7599032000489030e-01    1.4411104632998590e-15
    22.20    75.816    3.7599032000489030e-01    1.4411096162669117e-15
    22.30    76.176    3.7599032000489030e-01    1.4411091398108789e-15
    22.40    76.540    3.7599032000489035e-01    4.5084744647421250e-16
    22.50    76.901    3.7599032000489035e-01    4.5084750096473535e-16
    22.60    77.241    3.7599032000489035e-01    4.5084749445068803e-16
    22.70    77.622    3.7599032000489030e-01    1.4411084515966093e-15
    22.80    77.960    3.7599032000489030e-01    1.4411079222010172e-15
    22.90    78.321    3.7599032000489030e-01    1.4411080280801356e-15
    23.00    78.702    3.7599032000489030e-01    1.4411096162669117e-15
    23.10    79.047    3.7599032000489035e-01    4.5084744719799553e-16
    23.20    79.385    3.7599032000489035e-01    4.5084746705033023e-16
    23.30    79.745    3.7599032000489035e-01    4.5084743665144272e-16
    23.40    80.097    3.7599032000489030e-01    1.4411108338767734e-15
    23.50    80.448    3.7599032000489030e-01    1.4411094045086749e-15
    23.60    80.791    3.7599032000489030e-01    1.4411087162944053e-15
    23.70    81.149    3.7599032000489035e-01    4.5084746374160778e-16
    23.80    81.483    3.7599032000489035e-01    4.5084741018166312e-16
    23.90    81.844    3.7599032000489035e-01    4.5084745112710344e-16
    24.00    82.197    3.7599032000489035e-01    4.5084740253024246e-16
    24.10    82.549    3.7599032000489030e-01    1.4411106750580958e-15
    24.20    82.924    3.7599032000489030e-01    1.4411095103877933e-15
    24.30    83.286    3.7599032000489030e-01    1.4411088751130829e-15
    24.40    83.661    3.7599032000489035e-01    4.5084740159966427e-16
    24.50    84.037    3.7599032000489035e-01    4.5084739725696605e-16
    24.60    84.382    3.7599032000489035e-01    4.5084745526300651e-16
    24.70    84.766    3.7599032000489030e-01    1.4411088221735237e-15
    24.80    85.133    3.7599032000489030e-01    1.4411085574757277e-15
    24.90    85.487    3.7599032000489030e-01    1.4411089809922013e-15
    25.00    85.864    3.7599032000489030e-01    1.4411104103602998e-15
    25.10    86.251    3.7599032000489035e-01    4.5084750117153050e-16
    25.20    86.603    3.7599032000489035e-01    4.5084747253040179e-16
    25.30    86.984    3.7599032000489035e-01    4.5084747222020906e-16
    25.40    87.384    3.7599032000489030e-01    1.4411108868163326e-15
    25.50    87.716    3.7599032000489030e-01    1.4411105162394182e-15
    25.60    88.069    3.7599032000489030e-01    1.4411096162669117e-15
    25.70    88.446    3.7599032000489035e-01    4.5084749445068803e-16
    25.80    88.820    3.7599032000489035e-01    4.5084746415519809e-16
    25.90    89.180    3.7599032000489035e-01    4.5084746446539082e-16
    26.00    89.526    3.7599032000489035e-01    4.5084750406666265e-16
    26.10    89.870    3.7599032000489030e-01    1.4411082398383724e-15
    26.20    90.228    3.7599032000489030e-01    1.4411086633548461e-15
    26.30    90.576    3.7599032000489030e-01    1.4411082398383724e-15
    26.40    90.976    3.7599032000489035e-01    4.5084751326904696e-16
    26.50    91.381    3.7599032000489035e-01    4.5084746984206480e-16
    26.60    91.774    3.7599032000489035e-01    4.5084747273719695e-16
    26.70    92.191    3.7599032000489030e-01    1.4411092986295565e-15
    26.80    92.584    3.7599032000489030e-01    1.4411094045086749e-15
    26.90    92.966    3.7599032000489030e-01    1.4411088221735237e-15
    27.00    93.328    3.7599032000489030e-01    1.4411102515416222e-15
    27.10    93.766    3.7599032000489035e-01    4.5084753001945437e-16
    27.20    94.182    3.7599032000489035e-01    4.5084755959116126e-16
    27.30    94.543    3.7599032000489035e-01    4.5084752981265921e-16
    27.40    94.915    3.7599032000489030e-01    1.4411079222010172e-15
    27.50    95.284    3.7599032000489030e-01    1.4411079751405764e-15
    27.60    95.643    3.7599032000489030e-01    1.4411081868988132e-15
    27.70    96.003    3.7599032000489035e-01    4.5084747118623330e-16
    27.80    96.374    3.7599032000489035e-01    4.5084745309165740e-16
    27.90    96.740    3.7599032000489035e-01    4.5084739860113455e-16
    28.00    97.075    3.7599032000489035e-01    4.5084744864556161e-16
    28.10    97.433    3.7599032000489030e-01    1.4411086104152869e-15
    28.20    97.810    3.7599032000489030e-01    1.4411084515966093e-15
    28.30    98.148    3.7599032000489030e-01    1.4411101986020630e-15
    28.40    98.503    3.7599032000489035e-01    4.5084745081691071e-16
    28.50    98.839    3.7599032000489035e-01    4.5084746208724656e-16
    28.60    99.170    3.7599032000489035e-01    4.5084745981249988e-16
    28.70    99.541    3.7599032000489030e-01    1.4411104632998590e-15
    28.80    99.909    3.7599032000489030e-01    1.4411110985745694e-15
    28.90   100.260    3.7599032000489030e-01    1.4411090339317605e-15
    29.00   100.611    3.7599032000489030e-01    1.4411094045086749e-15
    29.10   100.983    3.7599032000489035e-01    4.5084747097943814e-16
    29.20   101.305    3.7599032000489035e-01    4.5084749931037412e-16
    29.30   101.612    3.7599032000489035e-01    4.5084746725712539e-16
    29.40   101.960    3.7599032000489030e-01    1.4411085045361685e-15
    29.50   102.293    3.7599032000489030e-01    1.4411086104152869e-15
    29.60   102.636    3.7599032000489030e-01    1.4411096692064709e-15
    29.70   102.976    3.7599032000489035e-01    4.5084751564719122e-16
    29.80   103.329    3.7599032000489035e-01    4.5084762752336907e-16
    29.90   103.643    3.7599032000489035e-01    4.5084761025597378e-16
    30.00   103.957    3.7599032000489035e-01    4.5084764685871589e-16
