    epoch   elapsed                       val                 norm_grad
     0.00     0.000    6.9314718059480840e-01    2.1882509462466956e-01
     1.00     0.956    3.7922444470787148e-01    1.2136228804138227e-05
     2.00     1.879    3.8181073234992813e-01    1.6338825332695706e-05
     3.00     2.866    3.8273172832065466e-01    1.7600141489992893e-05
     4.00     3.876    3.8288232956995477e-01    1.7802387361598448e-05
     5.00     4.832    3.8276676023569167e-01    1.7657603052612103e-05
     6.00     5.782    3.8251109114329085e-01    1.7324410961805370e-05
     7.00     6.722    3.8220270407375267e-01    1.6911486412141130e-05
     8.00     7.649    3.8190490113808417e-01    1.6502824195185894e-05
     9.00     8.583    3.8160816407648535e-01    1.6084055971532507e-05
    10.00     9.532    3.8132308244229995e-01    1.5670954979896123e-05
    11.00    10.473    3.8105239411820446e-01    1.5268368414922406e-05
    12.00    11.406    3.8079543510324226e-01    1.4876124296847593e-05
    13.00    12.338    3.8055150904698953e-01    1.4493956925321072e-05
    14.00    13.287    3.8031995491790849e-01    1.4121607421202498e-05
    15.00    14.220    3.8010014521197510e-01    1.3758823570242384e-05
    16.00    15.152    3.7989148425216263e-01    1.3405359638340997e-05
    17.00    16.029    3.7969340657417788e-01    1.3060976172596384e-05
    18.00    16.914    3.7950537539407059e-01    1.2725439930250104e-05
    19.00    17.798    3.7932688115356739e-01    1.2398523594470134e-05
    20.00    18.739    3.7915744013918556e-01    1.2080005738823729e-05
    21.00    19.634    3.7899659317138529e-01    1.1769670599903748e-05
    22.00    20.518    3.7884390436020909e-01    1.1467307963641815e-05
    23.00    21.404    3.7869895992403368e-01    1.1172713023199776e-05
    24.00    22.291    3.7856136706823751e-01    1.0885686222650293e-05
    25.00    23.173    3.7843075292073791e-01    1.0606033136184578e-05
    26.00    24.060    3.7830676352152109e-01    1.0333564340214707e-05
    27.00    24.943    3.7818906286342208e-01    1.0068095271265065e-05
    28.00    25.830    3.7807733198158616e-01    9.8094461051800863e-06
    29.00    26.715    3.7797126808902154e-01    9.5574416647536964e-06
    30.00    27.602    3.7787058375614158e-01    9.3119112563044837e-06
    31.00    28.486    3.7777500613172477e-01    9.0726885915159983e-06
    32.00    29.369    3.7768427620382267e-01    8.8396116666444868e-06
    33.00    30.244    3.7759814809740988e-01    8.6125226843591918e-06
    34.00    31.124    3.7751638840829937e-01    8.3912679400555135e-06
    35.00    31.994    3.7743877557099592e-01    8.1756977365898820e-06
    36.00    32.872    3.7736509925704420e-01    7.9656663629634750e-06
    37.00    33.760    3.7729515980659933e-01    7.7610320019516621e-06
    38.00    34.639    3.7722876769091629e-01    7.5616565169411842e-06
    39.00    35.511    3.7716574298972688e-01    7.3674058711503676e-06
    40.00    36.412    3.7710591490969481e-01    7.1781499357825851e-06
    41.00    37.312    3.7704912132272550e-01    6.9937624971316836e-06
    42.00    38.195    3.7699520832317840e-01    6.8141216473804889e-06
    43.00    39.073    3.7694402980789116e-01    6.6391101896101645e-06
    44.00    39.953    3.7689544712304179e-01    6.4686136909131164e-06
    45.00    40.834    3.7684932861728127e-01    6.3025247598602618e-06
    46.00    41.716    3.7680554933214333e-01    6.1407412061953437e-06
    47.00    42.586    3.7676399065908772e-01    5.9831670213839061e-06
    48.00    43.465    3.7672453995996330e-01    5.8297170468790682e-06
    49.00    44.359    3.7668709032883718e-01    5.6803144126149618e-06
    50.00    45.284    3.7665154031821718e-01    5.5348908070129710e-06
    51.00    46.171    3.7661779374151588e-01    5.3933818726648042e-06
    52.00    47.085    3.7658575970824643e-01    5.2557025149724268e-06
    53.00    47.961    3.7655535119744299e-01    5.1218355672233429e-06
    54.00    48.891    3.7652648587269727e-01    4.9917568283319724e-06
    55.00    49.804    3.7649908524056747e-01    4.8654890356658598e-06
    56.00    50.766    3.7647307564547750e-01    4.7429800531517685e-06
    57.00    51.683    3.7644838744615827e-01    4.6241239246569421e-06
    58.00    52.572    3.7642495249954361e-01    4.5090672493586226e-06
    59.00    53.452    3.7640270745883159e-01    4.3978025097146656e-06
    60.00    54.356    3.7638159396498938e-01    4.2899467871393426e-06
    61.00    55.295    3.7636155492378670e-01    4.1852801686559360e-06
    62.00    56.169    3.7634253594204076e-01    4.0835499355296179e-06
    63.00    57.048    3.7632448435271532e-01    3.9847514656798921e-06
    64.00    57.928    3.7630735037536800e-01    3.8888914595247570e-06
    65.00    58.810    3.7629108853461712e-01    3.7953665668055692e-06
    66.00    59.701    3.7627565299403454e-01    3.7045324958739911e-06
    67.00    60.613    3.7626100167902332e-01    3.6163030614488889e-06
    68.00    61.508    3.7624709747236967e-01    3.5290984037317230e-06
    69.00    62.405    3.7623389959695119e-01    3.4440981231398382e-06
    70.00    63.318    3.7622137320336968e-01    3.3605288400906375e-06
    71.00    64.211    3.7620948356574585e-01    3.2785710928351364e-06
    72.00    65.103    3.7619819798304310e-01    3.1983264747736939e-06
    73.00    65.996    3.7618748529091833e-01    3.1200634396100213e-06
    74.00    66.890    3.7617731640919572e-01    3.0437163260899069e-06
    75.00    67.802    3.7616766452884476e-01    2.9684767302029513e-06
    76.00    68.714    3.7615850254830435e-01    2.8950163262209117e-06
    77.00    69.623    3.7614980549274935e-01    2.8233910978059384e-06
    78.00    70.514    3.7614154985742232e-01    2.7534527209382986e-06
    79.00    71.393    3.7613371358629971e-01    2.6847130740748071e-06
    80.00    72.286    3.7612627501750973e-01    2.6175450855703275e-06
    81.00    73.179    3.7611921390546493e-01    2.5519779658367270e-06
    82.00    74.074    3.7611251113813776e-01    2.4879016482515226e-06
    83.00    74.981    3.7610614848377094e-01    2.4253342250091237e-06
    84.00    75.893    3.7610010862511351e-01    2.3643282283103417e-06
    85.00    76.785    3.7609437517229466e-01    2.3048672144199145e-06
    86.00    77.667    3.7608893266303084e-01    2.2467549101179429e-06
    87.00    78.552    3.7608376632012841e-01    2.1899795967783575e-06
    88.00    79.444    3.7607886206766489e-01    2.1346170484548566e-06
    89.00    80.336    3.7607420663465368e-01    2.0805730258643962e-06
    90.00    81.231    3.7606978738101376e-01    2.0278606260859533e-06
    91.00    82.121    3.7606559234382009e-01    1.9764338041738938e-06
    92.00    83.013    3.7606161013417833e-01    1.9262700465816351e-06
    93.00    83.898    3.7605782994379211e-01    1.8773628571722156e-06
    94.00    84.817    3.7605424153916772e-01    1.8296733621525618e-06
    95.00    85.732    3.7605083519502425e-01    1.7831360654696482e-06
    96.00    86.632    3.7604760165627277e-01    1.7377513579219794e-06
    97.00    87.522    3.7604453215318284e-01    1.6935090751957205e-06
    98.00    88.403    3.7604161840403760e-01    1.6503950810431434e-06
    99.00    89.292    3.7603885250043323e-01    1.6083632718988383e-06
   100.00    90.180    3.7603622695443140e-01    1.5673354489820213e-06
   101.00    91.068    3.7603373461362666e-01    1.5273312357066970e-06
   102.00    91.954    3.7603136872040405e-01    1.4883278680599688e-06
   103.00    92.845    3.7602912289386076e-01    1.4502946568129005e-06
   104.00    93.732    3.7602699107150478e-01    1.4132159558144508e-06
   105.00    94.621    3.7602496744652053e-01    1.3770668090273830e-06
   106.00    95.515    3.7602304652163893e-01    1.3418270210507899e-06
   107.00    96.405    3.7602122309926111e-01    1.3074604803264833e-06
   108.00    97.288    3.7601949227265435e-01    1.2739663937111345e-06
   109.00    98.178    3.7601784928986459e-01    1.2413202910011023e-06
   110.00    99.071    3.7601628974217199e-01    1.2094962782427388e-06
   111.00    99.977    3.7601480940827720e-01    1.1784359967847990e-06
   112.00   100.857    3.7601340425933977e-01    1.1481540242996857e-06
   113.00   101.770    3.7601207045387702e-01    1.1186288784159615e-06
   114.00   102.675    3.7601080436191503e-01    1.0898382347690472e-06
   115.00   103.592    3.7600960255639515e-01    1.0617708623428257e-06
   116.00   104.491    3.7600846177851915e-01    1.0343998750883543e-06
   117.00   105.433    3.7600737914254712e-01    1.0077121865847971e-06
   118.00   106.430    3.7600635155734868e-01    9.8169171280915180e-07
   119.00   107.385    3.7600537622499497e-01    9.5631959773356812e-07
   120.00   108.323    3.7600445048713182e-01    9.3158130098913716e-07
   121.00   109.228    3.7600357184492050e-01    9.0745506131639786e-07
   122.00   110.183    3.7600273791700539e-01    8.8392748054388903e-07
   123.00   111.073    3.7600194644450369e-01    8.6098708074189290e-07
   124.00   111.963    3.7600119527115922e-01    8.3861605482127288e-07
   125.00   112.909    3.7600048233409172e-01    8.1679174535054244e-07
   126.00   113.808    3.7599980575097042e-01    7.9549557163716145e-07
   127.00   114.705    3.7599916367214192e-01    7.7471888104696518e-07
   128.00   115.603    3.7599855438062396e-01    7.5445028357989941e-07
   129.00   116.483    3.7599797615302871e-01    7.3466587036108422e-07
   130.00   117.362    3.7599742744371667e-01    7.1534765710978832e-07
   131.00   118.240    3.7599690674594571e-01    6.9647712752640700e-07
   132.00   119.118    3.7599641277514667e-01    6.7805186221292502e-07
   133.00   120.010    3.7599594423771732e-01    6.6004942000930100e-07
   134.00   120.888    3.7599549980242236e-01    6.4244647202116312e-07
   135.00   121.767    3.7599507827158135e-01    6.2521907029378099e-07
   136.00   122.640    3.7599467850098084e-01    6.0833869275356278e-07
   137.00   123.511    3.7599429942346657e-01    5.9177689504252839e-07
   138.00   124.392    3.7599394008188752e-01    5.7549180576543790e-07
   139.00   125.270    3.7599359965030621e-01    5.5944756249814986e-07
   140.00   126.141    3.7599327737217242e-01    5.4356710732506031e-07
   141.00   127.043    3.7599297235038387e-01    5.2777399739412090e-07
   142.00   127.924    3.7599268392331975e-01    5.1196531325459205e-07
   143.00   128.812    3.7599241168036479e-01    4.9602236407153555e-07
   144.00   129.715    3.7599215513598611e-01    4.7975740091743546e-07
   145.00   130.644    3.7599191398473258e-01    4.6406399256682107e-07
   146.00   131.650    3.7599168820946322e-01    4.5014463267989413e-07
   147.00   132.600    3.7599147800413779e-01    4.3537159699624794e-07
   148.00   133.494    3.7599128396047965e-01    4.1922844662423131e-07
   149.00   134.405    3.7599110683137055e-01    4.0117229671565724e-07
   150.00   135.309    3.7599094756669948e-01    3.8059398255185783e-07
   151.00   136.221    3.7599080737530433e-01    3.5683484078674610e-07
   152.00   137.107    3.7599068758253468e-01    3.2937453608994360e-07
   153.00   138.001    3.7599058902363403e-01    2.9796634803958000e-07
   154.00   138.883    3.7599051178998349e-01    2.6305999556441861e-07
   155.00   139.768    3.7599045469284992e-01    2.2590624215723665e-07
   156.00   140.645    3.7599041516619519e-01    1.8856826300428509e-07
   157.00   141.530    3.7599038955562708e-01    1.5680170983856101e-07
   158.00   142.408    3.7599037381302136e-01    1.2905876789481852e-07
   159.00   143.290    3.7599036429462568e-01    1.0632646563202286e-07
   160.00   144.171    3.7599035827018074e-01    8.8868775671713252e-08
   161.00   145.071    3.7599035403708647e-01    8.0163689242240821e-08
   162.00   145.951    3.7599035070188663e-01    7.5985634784281331e-08
   163.00   146.829    3.7599034784167823e-01    7.2474824919233072e-08
   164.00   147.710    3.7599034530432357e-01    6.9429885951599601e-08
   165.00   148.579    3.7599034303706785e-01    6.6681630328524477e-08
   166.00   149.461    3.7599034098323741e-01    6.4126374987871770e-08
   167.00   150.340    3.7599033911910257e-01    6.1706902809710584e-08
   168.00   151.219    3.7599033742953103e-01    5.9385616202334290e-08
   169.00   152.087    3.7599033590048542e-01    5.7149311838422534e-08
   170.00   152.981    3.7599033452130459e-01    5.4960008211146771e-08
   171.00   153.861    3.7599033327011694e-01    5.2837464847854676e-08
   172.00   154.741    3.7599033212727306e-01    5.0806388540713954e-08
   173.00   155.620    3.7599033108743973e-01    4.8841598654369989e-08
   174.00   156.495    3.7599033014141686e-01    4.6940444475840337e-08
   175.00   157.374    3.7599032927823817e-01    4.5101807344405387e-08
   176.00   158.253    3.7599032848984892e-01    4.3337391175679585e-08
   177.00   159.126    3.7599032776825581e-01    4.1646339821177492e-08
   178.00   160.003    3.7599032710800961e-01    4.0020984359845357e-08
   179.00   160.904    3.7599032650374781e-01    3.8460344575774741e-08
   180.00   161.784    3.7599032596055548e-01    3.6930848990035514e-08
   181.00   162.681    3.7599032546612959e-01    3.5452301816452092e-08
   182.00   163.550    3.7599032501252416e-01    3.4040315788352871e-08
   183.00   164.430    3.7599032459864634e-01    3.2675413486060734e-08
   184.00   165.304    3.7599032421993900e-01    3.1364366326336324e-08
   185.00   166.182    3.7599032387193021e-01    3.0109477022755016e-08
   186.00   167.059    3.7599032355335232e-01    2.8903931026391660e-08
   187.00   167.958    3.7599032326315884e-01    2.7739792851644296e-08
   188.00   168.858    3.7599032299700663e-01    2.6621611859400929e-08
   189.00   169.745    3.7599032275323213e-01    2.5548379245510233e-08
   190.00   170.620    3.7599032252960501e-01    2.4517811336721707e-08
   191.00   171.574    3.7599032232427432e-01    2.3529023285284723e-08
   192.00   172.632    3.7599032213563582e-01    2.2582405057036681e-08
   193.00   173.542    3.7599032196348192e-01    2.1666873961656563e-08
   194.00   174.419    3.7599032180538289e-01    2.0787923493692517e-08
   195.00   175.296    3.7599032166023599e-01    1.9944624563006386e-08
   196.00   176.172    3.7599032152722434e-01    1.9134345941029807e-08
   197.00   177.046    3.7599032140518562e-01    1.8357435793703303e-08
   198.00   177.919    3.7599032129303039e-01    1.7613089098311718e-08
   199.00   178.815    3.7599032119039977e-01    1.6896973153990302e-08
   200.00   179.711    3.7599032109592889e-01    1.6209934006194970e-08
   201.00   180.582    3.7599032100932589e-01    1.5549079857013481e-08
   202.00   181.478    3.7599032092975077e-01    1.4915360280198797e-08
   203.00   182.374    3.7599032085675510e-01    1.4308048357225545e-08
   204.00   183.249    3.7599032078965616e-01    1.3726621173049125e-08
   205.00   184.118    3.7599032072793387e-01    1.3167338441810728e-08
   206.00   184.992    3.7599032067143862e-01    1.2629500667493687e-08
   207.00   185.866    3.7599032061942750e-01    1.2114237391003257e-08
   208.00   186.763    3.7599032057159532e-01    1.1620386930477622e-08
   209.00   187.633    3.7599032052751974e-01    1.1148056588972111e-08
   210.00   188.531    3.7599032048697822e-01    1.0695658525516905e-08
   211.00   189.406    3.7599032044983494e-01    1.0259863292283455e-08
   212.00   190.281    3.7599032041562758e-01    9.8404308035426880e-09
   213.00   191.149    3.7599032038416924e-01    9.4384489113252812e-09
   214.00   192.024    3.7599032035532853e-01    9.0514468698010830e-09
   215.00   192.920    3.7599032032875962e-01    8.6809532895415487e-09
   216.00   193.817    3.7599032030425167e-01    8.3263883565720676e-09
   217.00   194.687    3.7599032028177726e-01    7.9852131018576245e-09
   218.00   195.561    3.7599032026113682e-01    7.6573192786533184e-09
   219.00   196.435    3.7599032024220125e-01    7.3433690794821871e-09
   220.00   197.310    3.7599032022475565e-01    7.0425264508955365e-09
   221.00   198.186    3.7599032020870382e-01    6.7544697612831328e-09
   222.00   199.052    3.7599032019393791e-01    6.4774568486747341e-09
   223.00   199.949    3.7599032018032108e-01    6.2124149158293562e-09
   224.00   200.847    3.7599032016779560e-01    5.9582269673619237e-09
   225.00   201.713    3.7599032015624873e-01    5.7146196108526226e-09
   226.00   202.592    3.7599032014561717e-01    5.4814347505427463e-09
   227.00   203.467    3.7599032013586503e-01    5.2568577268985450e-09
   228.00   204.363    3.7599032012689992e-01    5.0415374097667609e-09
   229.00   205.240    3.7599032011858236e-01    4.8355284221202055e-09
   230.00   206.106    3.7599032011091410e-01    4.6383909491076736e-09
   231.00   206.982    3.7599032010393496e-01    4.4481099359394705e-09
   232.00   207.864    3.7599032009745753e-01    4.2657568033455107e-09
   233.00   208.733    3.7599032009149325e-01    4.0910058674015204e-09
   234.00   209.601    3.7599032008601818e-01    3.9233465365384745e-09
   235.00   210.476    3.7599032008094896e-01    3.7627023163899764e-09
   236.00   211.352    3.7599032007626187e-01    3.6087251520378061e-09
   237.00   212.229    3.7599032007198063e-01    3.4609203836133418e-09
   238.00   213.094    3.7599032006802402e-01    3.3194080262255454e-09
   239.00   213.968    3.7599032006439148e-01    3.1833810032466658e-09
   240.00   214.866    3.7599032006102051e-01    3.0530424299790582e-09
   241.00   215.742    3.7599032005789490e-01    2.9279019209127455e-09
   242.00   216.609    3.7599032005505134e-01    2.8079759073484922e-09
   243.00   217.483    3.7599032005240618e-01    2.6930010998960086e-09
   244.00   218.358    3.7599032004999899e-01    2.5826151217600568e-09
   245.00   219.342    3.7599032004772875e-01    2.4765348660693576e-09
   246.00   220.215    3.7599032004566357e-01    2.3751720035214419e-09
   247.00   221.129    3.7599032004371508e-01    2.2782011832589433e-09
   248.00   222.002    3.7599032004196936e-01    2.1850409259727144e-09
   249.00   222.881    3.7599032004034610e-01    2.0955143731349324e-09
   250.00   223.777    3.7599032003886540e-01    2.0097598585344656e-09
   251.00   224.651    3.7599032003747346e-01    1.9275792628725696e-09
   252.00   225.529    3.7599032003619903e-01    1.8484808683716381e-09
   253.00   226.414    3.7599032003501986e-01    1.7726248802141242e-09
   254.00   227.296    3.7599032003396071e-01    1.7000658658616885e-09
   255.00   228.171    3.7599032003291138e-01    1.6307124539594042e-09
   256.00   229.064    3.7599032003198285e-01    1.5644055495478426e-09
   257.00   229.956    3.7599032003113136e-01    1.5003888687026290e-09
   258.00   230.858    3.7599032003035682e-01    1.4388495395145640e-09
   259.00   231.781    3.7599032002961152e-01    1.3799464904096226e-09
   260.00   232.668    3.7599032002893523e-01    1.3235785245591103e-09
   261.00   233.561    3.7599032002830152e-01    1.2696231843634109e-09
   262.00   234.521    3.7599032002774385e-01    1.2178870689716348e-09
   263.00   235.426    3.7599032002720029e-01    1.1682368961096756e-09
   264.00   236.319    3.7599032002669652e-01    1.1204868699543624e-09
   265.00   237.209    3.7599032002626714e-01    1.0748115175651662e-09
   266.00   238.097    3.7599032002583865e-01    1.0308929265789857e-09
   267.00   238.991    3.7599032002544741e-01    9.8875568843581618e-10
   268.00   239.882    3.7599032002507204e-01    9.4845559184264516e-10
   269.00   240.792    3.7599032002477284e-01    9.0976409738985353e-10
   270.00   241.717    3.7599032002445515e-01    8.7270274340411902e-10
   271.00   242.731    3.7599032002415633e-01    8.3714279952573634e-10
   272.00   243.693    3.7599032002389465e-01    8.0304529692654114e-10
   273.00   244.583    3.7599032002365723e-01    7.7039602475181823e-10
   274.00   245.491    3.7599032002343435e-01    7.3913447584672554e-10
   275.00   246.397    3.7599032002321475e-01    7.0910094462917073e-10
   276.00   247.293    3.7599032002302102e-01    6.8014976983832298e-10
   277.00   248.183    3.7599032002285143e-01    6.5238636715037046e-10
   278.00   249.094    3.7599032002267874e-01    6.2581773097036830e-10
   279.00   249.988    3.7599032002254079e-01    6.0031557502782107e-10
   280.00   250.918    3.7599032002238297e-01    5.7591154067893058e-10
   281.00   251.837    3.7599032002224164e-01    5.5247356689491767e-10
   282.00   252.821    3.7599032002211724e-01    5.2995707822134364e-10
   283.00   253.705    3.7599032002200905e-01    5.0837850595897294e-10
   284.00   254.640    3.7599032002192306e-01    4.8769355220912303e-10
   285.00   255.554    3.7599032002181831e-01    4.6786591267888866e-10
   286.00   256.450    3.7599032002172289e-01    4.4885939409766706e-10
   287.00   257.338    3.7599032002162108e-01    4.3061570975666541e-10
   288.00   258.246    3.7599032002153110e-01    4.1313785725805019e-10
   289.00   259.156    3.7599032002150351e-01    3.9632008785872586e-10
   290.00   260.118    3.7599032002141985e-01    3.8022573978224727e-10
   291.00   261.047    3.7599032002134203e-01    3.6480740650546295e-10
   292.00   261.961    3.7599032002131572e-01    3.5001762599407016e-10
   293.00   262.851    3.7599032002125876e-01    3.3585156877791178e-10
   294.00   263.741    3.7599032002120203e-01    3.2227442936516582e-10
   295.00   264.650    3.7599032002116106e-01    3.0921176730203115e-10
   296.00   265.543    3.7599032002112120e-01    2.9667845957703776e-10
   297.00   266.431    3.7599032002106342e-01    2.8461788481592976e-10
   298.00   267.320    3.7599032002101884e-01    2.7307700545264879e-10
   299.00   268.226    3.7599032002100635e-01    2.6203567093929792e-10
   300.00   269.138    3.7599032002096611e-01    2.5145158177863891e-10
   301.00   270.030    3.7599032002093907e-01    2.4129237496950395e-10
   302.00   270.941    3.7599032002090738e-01    2.3156565553961173e-10
   303.00   271.852    3.7599032002089466e-01    2.2225216111948498e-10
   304.00   272.747    3.7599032002085986e-01    2.1325202714805869e-10
   305.00   273.635    3.7599032002084015e-01    2.0462675998089708e-10
   306.00   274.544    3.7599032002080884e-01    1.9634333048301755e-10
   307.00   275.438    3.7599032002080940e-01    1.8839446669360882e-10
   308.00   276.341    3.7599032002077926e-01    1.8080065222747521e-10
   309.00   277.234    3.7599032002076482e-01    1.7350032521790126e-10
   310.00   278.123    3.7599032002074101e-01    1.6649748246777563e-10
   311.00   279.020    3.7599032002072186e-01    1.5979501055696232e-10
   312.00   279.928    3.7599032002070815e-01    1.5335716030406843e-10
   313.00   280.870    3.7599032002070520e-01    1.4717699281519003e-10
   314.00   281.786    3.7599032002069244e-01    1.4125906000472810e-10
   315.00   282.592    3.7599032002068367e-01    1.3558515421507877e-10
   316.00   283.593    3.7599032002067101e-01    1.3013962130159484e-10
   317.00   284.383    3.7599032002066196e-01    1.2491230272360099e-10
   318.00   285.252    3.7599032002065164e-01    1.1989431669690020e-10
   319.00   286.068    3.7599032002065247e-01    1.1508666242221466e-10
   320.00   286.871    3.7599032002065413e-01    1.1046685788329569e-10
   321.00   287.668    3.7599032002063648e-01    1.0602768663048323e-10
   322.00   288.465    3.7599032002062072e-01    1.0178230480661909e-10
   323.00   289.290    3.7599032002060179e-01    9.7716390534685615e-11
