    epoch   elapsed                       val                 norm_grad
     0.00     0.000    6.9314718055914615e-01    1.2835419783665922e-01
     1.00     0.016    5.5938675153363548e-01    2.3435679968982139e-02
     2.00     0.030    5.5405436076408177e-01    3.1995061033104275e-02
     3.00     0.046    5.4887696800186669e-01    1.8478532201579467e-02
     4.00     0.062    5.4549746116615505e-01    1.3166610090512704e-02
     5.00     0.079    5.4418226469593778e-01    6.6239806383533995e-03
     6.00     0.094    5.4382947134981785e-01    6.0118402893646616e-03
     7.00     0.109    5.4347298059504789e-01    2.9426467305457178e-03
     8.00     0.124    5.4344205765898534e-01    1.8450304892320135e-03
     9.00     0.139    5.4341030551522640e-01    1.3552980867019560e-03
    10.00     0.155    5.4338376694657498e-01    4.0258584197630249e-04
    11.00     0.172    5.4338099170831833e-01    6.8149569889008887e-04
    12.00     0.188    5.4337621602465846e-01    9.5626003639498469e-04
    13.00     0.204    5.4337024533722111e-01    3.7236165594686441e-04
    14.00     0.218    5.4336666339147355e-01    1.9824123181070826e-04
    15.00     0.233    5.4336365557796273e-01    1.3630423818172810e-04
    16.00     0.248    5.4336089342137184e-01    1.1085635132829230e-04
    17.00     0.265    5.4335844300651914e-01    7.6920518708445407e-05
    18.00     0.282    5.4335619641194999e-01    1.2000320371968742e-04
    19.00     0.298    5.4335411217264351e-01    1.0646171882494615e-04
    20.00     0.314    5.4335221813924528e-01    1.2119919806918844e-04
    21.00     0.329    5.4335044591831017e-01    6.7005227152083791e-05
    22.00     0.344    5.4334883989727212e-01    1.1100988625534214e-04
    23.00     0.360    5.4334733596396523e-01    7.8617751970599947e-05
    24.00     0.377    5.4334594937757108e-01    4.2969985523388932e-05
    25.00     0.393    5.4334466878465426e-01    6.9862991460722945e-05
    26.00     0.409    5.4334349228057444e-01    6.5710939304186589e-05
    27.00     0.425    5.4334240261097733e-01    3.2968349158002397e-05
    28.00     0.450    5.4334139553555438e-01    4.6076384737081533e-05
    29.00     0.472    5.4334046540454284e-01    4.6382545992318391e-05
    30.00     0.488    5.4333960485719535e-01    3.0352052516557926e-05
    31.00     0.504    5.4333880654191147e-01    2.6712095794967361e-05
    32.00     0.519    5.4333807069868634e-01    5.1653841353860308e-05
    33.00     0.533    5.4333738586466551e-01    4.5505170705673059e-05
    34.00     0.549    5.4333674971006751e-01    3.3949544843037138e-05
    35.00     0.565    5.4333616315896271e-01    4.3277532521424078e-05
    36.00     0.582    5.4333561826148524e-01    4.6055031755365405e-05
    37.00     0.596    5.4333511193965811e-01    3.5958490387066888e-05
    38.00     0.611    5.4333464331003867e-01    3.0339735090145759e-05
    39.00     0.626    5.4333420790173637e-01    2.5185585071030303e-05
    40.00     0.641    5.4333380371229567e-01    2.0249805018579536e-05
    41.00     0.657    5.4333342776202032e-01    2.2413942528998199e-05
    42.00     0.673    5.4333307776281869e-01    2.3891240706119810e-05
    43.00     0.689    5.4333275416267091e-01    2.2446990319724414e-05
    44.00     0.703    5.4333245310837031e-01    2.5342250448479042e-05
    45.00     0.717    5.4333217275692280e-01    2.4573709152875267e-05
    46.00     0.732    5.4333191390195668e-01    3.6320265600520152e-05
    47.00     0.748    5.4333167091334655e-01    2.2423538462934545e-05
    48.00     0.765    5.4333144702175518e-01    2.4192818470880617e-05
    49.00     0.780    5.4333123858235288e-01    2.6068326584915980e-05
    50.00     0.795    5.4333104411013855e-01    2.4540602786449206e-05
    51.00     0.812    5.4333086332654967e-01    1.6911802902974671e-05
    52.00     0.826    5.4333069550681690e-01    1.6229569613224193e-05
    53.00     0.841    5.4333053911318441e-01    1.4125531841879813e-05
    54.00     0.860    5.4333039356847201e-01    1.5714176412662262e-05
    55.00     0.876    5.4333025852035977e-01    1.3633641426591403e-05
    56.00     0.893    5.4333013309390110e-01    1.1660287372983191e-05
    57.00     0.908    5.4333001634025047e-01    1.5468558907105745e-05
    58.00     0.922    5.4332990738843467e-01    1.3564732923021516e-05
    59.00     0.937    5.4332980581678592e-01    1.2731799241660902e-05
    60.00     0.952    5.4332971124218310e-01    1.0314939337674467e-05
    61.00     0.969    5.4332962307873112e-01    1.4747300248196815e-05
    62.00     0.985    5.4332954100180242e-01    1.0466045664236923e-05
    63.00     1.000    5.4332946468711085e-01    1.3103756007271095e-05
    64.00     1.014    5.4332939375283562e-01    1.0261165532710059e-05
    65.00     1.029    5.4332932759012431e-01    8.4875446088039652e-06
    66.00     1.044    5.4332926579995089e-01    1.5217252540944415e-05
    67.00     1.060    5.4332920783936567e-01    1.3116761610643124e-05
    68.00     1.075    5.4332915391683023e-01    1.4775659065824343e-05
    69.00     1.091    5.4332910323606054e-01    1.0021108657665145e-05
    70.00     1.105    5.4332905630439010e-01    9.7515042443152566e-06
    71.00     1.119    5.4332901274720691e-01    9.8769898144723811e-06
    72.00     1.134    5.4332897229805299e-01    8.6323667786158964e-06
    73.00     1.150    5.4332893472956312e-01    1.3080599503334511e-05
    74.00     1.165    5.4332889950793140e-01    1.0062578267966416e-05
    75.00     1.180    5.4332886670976377e-01    9.7802247004397103e-06
    76.00     1.194    5.4332883624491035e-01    1.3081629794076122e-05
    77.00     1.208    5.4332880774882308e-01    1.1987780570543727e-05
    78.00     1.223    5.4332878111594252e-01    9.8666160708305028e-06
    79.00     1.239    5.4332875620776766e-01    1.0509495061983287e-05
    80.00     1.254    5.4332873302355511e-01    1.1309174902551788e-05
    81.00     1.268    5.4332871144162964e-01    8.2257906264260328e-06
    82.00     1.282    5.4332869141385320e-01    1.0292140768086711e-05
    83.00     1.297    5.4332867263293372e-01    8.1437906034320662e-06
    84.00     1.312    5.4332865511069917e-01    7.2650816235197979e-06
    85.00     1.328    5.4332863878117088e-01    7.7659287246456543e-06
    86.00     1.343    5.4332862352348221e-01    5.4859249490890605e-06
    87.00     1.358    5.4332860937648630e-01    4.8308732756296990e-06
    88.00     1.373    5.4332859613740414e-01    4.1869187006327024e-06
    89.00     1.388    5.4332858376066751e-01    5.5639185646549905e-06
    90.00     1.403    5.4332857222761888e-01    5.5356813871698662e-06
    91.00     1.419    5.4332856151536402e-01    7.9595531413678700e-06
    92.00     1.436    5.4332855145278991e-01    8.0697141452423793e-06
    93.00     1.453    5.4332854197058877e-01    5.0335707751925085e-06
    94.00     1.468    5.4332853319957375e-01    5.8746829131317568e-06
    95.00     1.484    5.4332852500899143e-01    4.8988166021501911e-06
    96.00     1.498    5.4332851736859800e-01    3.1778460414244591e-06
    97.00     1.513    5.4332851024988238e-01    3.1340808621660443e-06
    98.00     1.528    5.4332850361849550e-01    3.9010859083088434e-06
    99.00     1.545    5.4332849743331058e-01    2.9628752687971271e-06
   100.00     1.561    5.4332849164477037e-01    3.5535397130415092e-06
   101.00     1.578    5.4332848623665309e-01    3.6318822528302874e-06
   102.00     1.594    5.4332848117987365e-01    3.8074789815434329e-06
   103.00     1.609    5.4332847647173599e-01    2.7992362477968769e-06
   104.00     1.624    5.4332847207601975e-01    2.6161311305061830e-06
   105.00     1.639    5.4332846796194256e-01    2.5828050026488469e-06
   106.00     1.654    5.4332846412122748e-01    2.9906521575862044e-06
   107.00     1.670    5.4332846051417771e-01    2.4754167601281907e-06
   108.00     1.687    5.4332845718515344e-01    3.4335002797591940e-06
   109.00     1.703    5.4332845405645103e-01    2.8594086926014839e-06
   110.00     1.719    5.4332845113596806e-01    2.1601067092813508e-06
   111.00     1.734    5.4332844842464734e-01    3.1186705139463200e-06
   112.00     1.749    5.4332844588525098e-01    1.8527665983647523e-06
   113.00     1.764    5.4332844351068255e-01    1.6075656040781539e-06
   114.00     1.780    5.4332844128754876e-01    2.0912146323492919e-06
   115.00     1.797    5.4332843921109875e-01    1.9075074078056531e-06
   116.00     1.814    5.4332843728920843e-01    2.8343445650502730e-06
   117.00     1.830    5.4332843548908460e-01    3.1064961693028081e-06
   118.00     1.844    5.4332843380196028e-01    2.3419611218100655e-06
   119.00     1.859    5.4332843223508120e-01    2.1659141907770518e-06
   120.00     1.874    5.4332843077135251e-01    2.3768533892187804e-06
   121.00     1.889    5.4332842939436921e-01    2.4005010929029069e-06
   122.00     1.905    5.4332842810766280e-01    2.4760689589786722e-06
   123.00     1.922    5.4332842691129768e-01    2.0112960403828595e-06
   124.00     1.938    5.4332842579262319e-01    1.6503215701790808e-06
   125.00     1.953    5.4332842475201293e-01    1.4762759181774499e-06
   126.00     1.968    5.4332842377799584e-01    1.5646746887032492e-06
   127.00     1.983    5.4332842286971261e-01    1.1688577209456597e-06
   128.00     1.998    5.4332842202021914e-01    1.0645779404683253e-06
   129.00     2.015    5.4332842122626723e-01    9.5497230945262856e-07
   130.00     2.032    5.4332842048107699e-01    1.2630768028154549e-06
   131.00     2.049    5.4332841978709756e-01    1.2062041948590618e-06
   132.00     2.065    5.4332841914144125e-01    1.4900643734439001e-06
   133.00     2.079    5.4332841853733538e-01    1.2764292531830534e-06
   134.00     2.094    5.4332841797484799e-01    1.0968531365396217e-06
   135.00     2.109    5.4332841744844040e-01    8.9931605284920835e-07
   136.00     2.125    5.4332841695638490e-01    8.2722528671475004e-07
   137.00     2.142    5.4332841649667152e-01    8.8010393894943917e-07
   138.00     2.159    5.4332841606687865e-01    6.9537560898336181e-07
   139.00     2.176    5.4332841566462720e-01    6.7260584379891242e-07
   140.00     2.192    5.4332841529094755e-01    7.6147964167549986e-07
   141.00     2.207    5.4332841494175110e-01    7.3786535159658939e-07
   142.00     2.222    5.4332841461426618e-01    7.8217136789682229e-07
   143.00     2.237    5.4332841430744994e-01    5.8777019795730467e-07
   144.00     2.253    5.4332841402156440e-01    7.6124660275400657e-07
   145.00     2.270    5.4332841375473206e-01    7.0758142234339516e-07
   146.00     2.287    5.4332841350575201e-01    9.7779490815241843e-07
   147.00     2.303    5.4332841327346371e-01    9.6701535434728925e-07
   148.00     2.319    5.4332841305542623e-01    7.8743017917215496e-07
   149.00     2.334    5.4332841285237954e-01    6.3006759243311450e-07
   150.00     2.349    5.4332841266320275e-01    5.0455778322078260e-07
   151.00     2.364    5.4332841248608477e-01    5.6414112437064290e-07
   152.00     2.379    5.4332841232039963e-01    5.3209605332948939e-07
   153.00     2.396    5.4332841216581529e-01    6.8984386758508265e-07
   154.00     2.413    5.4332841202039162e-01    6.2897229635705543e-07
   155.00     2.429    5.4332841188500958e-01    5.1690292435235818e-07
   156.00     2.445    5.4332841175866875e-01    3.7560956633875264e-07
   157.00     2.460    5.4332841164016044e-01    4.1429532982029116e-07
   158.00     2.475    5.4332841152958899e-01    4.0495183295519155e-07
   159.00     2.490    5.4332841142629562e-01    4.8955629738944850e-07
   160.00     2.506    5.4332841132984300e-01    5.5199237491976305e-07
   161.00     2.523    5.4332841123982478e-01    3.8468092478094462e-07
   162.00     2.539    5.4332841115597807e-01    3.5153102284635196e-07
   163.00     2.556    5.4332841107743535e-01    3.6051857477126248e-07
   164.00     2.572    5.4332841100402640e-01    2.9503595921909209e-07
   165.00     2.586    5.4332841093562823e-01    3.2285818507560293e-07
   166.00     2.602    5.4332841087149963e-01    2.8366484938757708e-07
   167.00     2.617    5.4332841081160821e-01    3.2800680305200558e-07
   168.00     2.632    5.4332841075577554e-01    3.2057070109559049e-07
   169.00     2.649    5.4332841070370219e-01    4.0723264849162888e-07
   170.00     2.666    5.4332841065491810e-01    3.2747701061985879e-07
   171.00     2.682    5.4332841060946802e-01    3.4985251218255797e-07
   172.00     2.698    5.4332841056711023e-01    3.4018488381803991e-07
   173.00     2.713    5.4332841052735037e-01    2.2432087964929792e-07
   174.00     2.729    5.4332841049016412e-01    2.9612728835726188e-07
   175.00     2.743    5.4332841045551283e-01    3.0278952101170375e-07
   176.00     2.759    5.4332841042310842e-01    2.2213371864143738e-07
   177.00     2.776    5.4332841039289592e-01    2.4960806888074671e-07
   178.00     2.793    5.4332841036459922e-01    2.0149901336363740e-07
   179.00     2.809    5.4332841033810153e-01    1.9262017358911976e-07
   180.00     2.825    5.4332841031344825e-01    2.6421904242290850e-07
   181.00     2.840    5.4332841029030998e-01    2.5342861464938693e-07
   182.00     2.855    5.4332841026863665e-01    1.5923106488902050e-07
   183.00     2.870    5.4332841024848089e-01    1.9155408403914720e-07
   184.00     2.886    5.4332841022964073e-01    1.5961857957602632e-07
   185.00     2.903    5.4332841021204292e-01    1.6259520274619632e-07
   186.00     2.920    5.4332841019559830e-01    1.7936558627251742e-07
   187.00     2.936    5.4332841018020550e-01    1.7317560829788192e-07
   188.00     2.952    5.4332841016581412e-01    1.3440620105775736e-07
   189.00     2.966    5.4332841015241851e-01    1.6962461701908182e-07
   190.00     2.981    5.4332841013983590e-01    1.1827848278578301e-07
   191.00     2.996    5.4332841012808608e-01    1.4412805848795784e-07
   192.00     3.012    5.4332841011709909e-01    1.7881561675814339e-07
   193.00     3.029    5.4332841010680977e-01    1.9288780928050642e-07
   194.00     3.045    5.4332841009726185e-01    1.2372587177011951e-07
   195.00     3.062    5.4332841008832877e-01    1.1898033058788116e-07
   196.00     3.078    5.4332841008000221e-01    1.5843458844866376e-07
   197.00     3.093    5.4332841007218780e-01    1.3022778655447098e-07
   198.00     3.108    5.4332841006488930e-01    1.3142866728266256e-07
   199.00     3.123    5.4332841005808941e-01    1.5099221017944586e-07
   200.00     3.139    5.4332841005173982e-01    9.0879277880873133e-08
   201.00     3.155    5.4332841004580579e-01    8.4687663437499339e-08
   202.00     3.171    5.4332841004024979e-01    8.7472192489279621e-08
   203.00     3.188    5.4332841003504773e-01    8.2489888142411871e-08
   204.00     3.204    5.4332841003019416e-01    8.0339632169135200e-08
   205.00     3.220    5.4332841002568211e-01    8.9037228367949695e-08
   206.00     3.234    5.4332841002146681e-01    9.2959160147287889e-08
   207.00     3.250    5.4332841001754262e-01    1.0339744782594806e-07
   208.00     3.265    5.4332841001386101e-01    1.0749095791240393e-07
   209.00     3.282    5.4332841001041488e-01    6.3654727378015252e-08
   210.00     3.298    5.4332841000720755e-01    1.3247986152542524e-07
   211.00     3.315    5.4332841000421350e-01    9.4580225318274813e-08
   212.00     3.332    5.4332841000139143e-01    5.5703376800053661e-08
   213.00     3.347    5.4332840999875354e-01    7.0859286105395825e-08
   214.00     3.362    5.4332840999630061e-01    6.8618101423112421e-08
   215.00     3.377    5.4332840999399501e-01    6.7518762136842270e-08
   216.00     3.392    5.4332840999184728e-01    6.9943490221824334e-08
   217.00     3.408    5.4332840998984655e-01    7.1200892626244183e-08
   218.00     3.425    5.4332840998797949e-01    5.5211321403625391e-08
   219.00     3.442    5.4332840998622944e-01    6.5026434237225317e-08
   220.00     3.458    5.4332840998460208e-01    6.4152499534841922e-08
   221.00     3.474    5.4332840998306942e-01    5.0362894188360485e-08
   222.00     3.488    5.4332840998164389e-01    6.2330079764194579e-08
   223.00     3.504    5.4332840998032195e-01    9.6578909314359862e-08
   224.00     3.519    5.4332840997907750e-01    7.6897147205379213e-08
   225.00     3.535    5.4332840997790732e-01    6.7988181196021458e-08
   226.00     3.561    5.4332840997681564e-01    4.7466370611815023e-08
   227.00     3.586    5.4332840997580123e-01    5.0284881814022242e-08
   228.00     3.613    5.4332840997485277e-01    3.8914399258516141e-08
   229.00     3.639    5.4332840997397513e-01    5.8042258443968819e-08
   230.00     3.665    5.4332840997314213e-01    4.4031609802708260e-08
   231.00     3.691    5.4332840997236265e-01    3.0507247394950809e-08
   232.00     3.718    5.4332840997164400e-01    5.1172067805360655e-08
   233.00     3.743    5.4332840997096699e-01    5.1522386135260945e-08
   234.00     3.769    5.4332840997032961e-01    2.7376123257205620e-08
   235.00     3.796    5.4332840996974119e-01    2.7660038814936172e-08
   236.00     3.822    5.4332840996919118e-01    3.2132829619335723e-08
   237.00     3.848    5.4332840996867926e-01    3.1534261868415570e-08
   238.00     3.874    5.4332840996818932e-01    4.0996708028373519e-08
   239.00     3.900    5.4332840996775056e-01    5.3940816924225032e-08
   240.00     3.926    5.4332840996733101e-01    3.2954206696800270e-08
   241.00     3.952    5.4332840996693310e-01    3.4850731300828386e-08
   242.00     3.979    5.4332840996656473e-01    3.0624611846441496e-08
   243.00     4.004    5.4332840996622345e-01    2.2000651744846778e-08
   244.00     4.031    5.4332840996590759e-01    2.2478122363445152e-08
   245.00     4.057    5.4332840996560461e-01    2.5202293363335571e-08
   246.00     4.083    5.4332840996532683e-01    1.9072446511003704e-08
   247.00     4.109    5.4332840996506926e-01    2.0016610258188905e-08
   248.00     4.136    5.4332840996482368e-01    2.1048126797040823e-08
   249.00     4.162    5.4332840996459553e-01    2.0109858112071777e-08
   250.00     4.188    5.4332840996438059e-01    2.2618368289428759e-08
   251.00     4.214    5.4332840996418630e-01    2.2023435630735833e-08
   252.00     4.240    5.4332840996399467e-01    1.5978461664900578e-08
   253.00     4.266    5.4332840996382503e-01    1.9084139490921359e-08
   254.00     4.293    5.4332840996366272e-01    1.4665761161047897e-08
   255.00     4.318    5.4332840996350917e-01    2.4385120145353767e-08
   256.00     4.344    5.4332840996337739e-01    2.2556285173003232e-08
   257.00     4.371    5.4332840996323650e-01    1.5613536241687598e-08
   258.00     4.396    5.4332840996311016e-01    1.8285660430272799e-08
   259.00     4.422    5.4332840996299980e-01    1.1412121470044667e-08
   260.00     4.448    5.4332840996289400e-01    1.6279665837615198e-08
   261.00     4.474    5.4332840996278597e-01    1.2965306939172194e-08
   262.00     4.500    5.4332840996269904e-01    1.0865826460815242e-08
   263.00     4.526    5.4332840996261067e-01    1.2400591442585096e-08
   264.00     4.552    5.4332840996252796e-01    1.0605016975695492e-08
   265.00     4.577    5.4332840996244669e-01    1.0542219874842829e-08
   266.00     4.604    5.4332840996237475e-01    9.5125984866939461e-09
   267.00     4.629    5.4332840996230614e-01    1.1256076515309132e-08
   268.00     4.655    5.4332840996224940e-01    1.8207458207797345e-08
   269.00     4.681    5.4332840996219278e-01    1.8066683926676319e-08
   270.00     4.707    5.4332840996213183e-01    2.1908018954519548e-08
   271.00     4.733    5.4332840996207943e-01    1.6561711446705374e-08
   272.00     4.759    5.4332840996203202e-01    1.3398773757167248e-08
   273.00     4.784    5.4332840996198994e-01    9.9050386781485145e-09
   274.00     4.811    5.4332840996194975e-01    7.3893121621537716e-09
   275.00     4.836    5.4332840996190568e-01    7.3899740771210531e-09
   276.00     4.862    5.4332840996187215e-01    8.9436261729858302e-09
   277.00     4.888    5.4332840996183884e-01    1.1495260965332932e-08
   278.00     4.914    5.4332840996180765e-01    1.3436561641100297e-08
   279.00     4.939    5.4332840996178133e-01    8.8416921562028961e-09
   280.00     4.966    5.4332840996175014e-01    1.0334889388730062e-08
   281.00     4.992    5.4332840996172926e-01    6.5170707719275356e-09
   282.00     5.018    5.4332840996170817e-01    5.4362611079383782e-09
   283.00     5.044    5.4332840996167864e-01    5.1803397127514472e-09
   284.00     5.069    5.4332840996165932e-01    5.1352574415020058e-09
   285.00     5.096    5.4332840996163390e-01    4.6322030655687740e-09
   286.00     5.121    5.4332840996161558e-01    6.2124315691747256e-09
   287.00     5.148    5.4332840996160459e-01    8.2712392490691400e-09
   288.00     5.173    5.4332840996159393e-01    7.9139979014541950e-09
   289.00     5.199    5.4332840996156984e-01    5.3979906100565245e-09
   290.00     5.225    5.4332840996155851e-01    4.6620405314001800e-09
   291.00     5.251    5.4332840996155396e-01    5.1788602295488317e-09
   292.00     5.277    5.4332840996153065e-01    4.0251145749792272e-09
   293.00     5.303    5.4332840996152121e-01    4.1650405346871366e-09
   294.00     5.329    5.4332840996150933e-01    4.1008326734370826e-09
   295.00     5.355    5.4332840996150122e-01    4.9373997113022483e-09
   296.00     5.382    5.4332840996148679e-01    3.4446168140078726e-09
   297.00     5.407    5.4332840996148712e-01    3.4975877749587880e-09
   298.00     5.434    5.4332840996147302e-01    3.3831183410271137e-09
   299.00     5.459    5.4332840996146414e-01    3.6287827187564403e-09
   300.00     5.486    5.4332840996146103e-01    4.3993452214508011e-09
   301.00     5.511    5.4332840996145293e-01    6.8312897560929287e-09
   302.00     5.538    5.4332840996144927e-01    3.5226812578059707e-09
   303.00     5.563    5.4332840996143938e-01    2.5935806835519770e-09
   304.00     5.590    5.4332840996143861e-01    3.1944807910022632e-09
   305.00     5.615    5.4332840996143383e-01    3.5759877281549279e-09
   306.00     5.641    5.4332840996142606e-01    2.8429556486742058e-09
   307.00     5.667    5.4332840996142451e-01    4.8718103995426532e-09
   308.00     5.693    5.4332840996142162e-01    4.9583011030307489e-09
   309.00     5.716    5.4332840996141230e-01    4.3537055072206954e-09
   310.00     5.738    5.4332840996141674e-01    4.1566964315009614e-09
   311.00     5.761    5.4332840996140375e-01    2.2414055056430016e-09
   312.00     5.785    5.4332840996140308e-01    2.2435066027171047e-09
   313.00     5.807    5.4332840996139675e-01    3.0590909805283673e-09
   314.00     5.830    5.4332840996139387e-01    2.2723778414501794e-09
   315.00     5.854    5.4332840996139531e-01    2.3223242218151086e-09
   316.00     5.876    5.4332840996139908e-01    3.2475735434189801e-09
   317.00     5.899    5.4332840996138820e-01    1.9862272937487546e-09
   318.00     5.923    5.4332840996139498e-01    2.1856511045470484e-09
   319.00     5.945    5.4332840996139020e-01    1.6676301450857522e-09
   320.00     5.969    5.4332840996138398e-01    1.7497243653963324e-09
   321.00     5.992    5.4332840996137866e-01    2.1788217896556716e-09
   322.00     6.015    5.4332840996138376e-01    1.6179156903106673e-09
   323.00     6.036    5.4332840996138609e-01    1.5349869153524764e-09
   324.00     6.060    5.4332840996137743e-01    1.3998041614726731e-09
   325.00     6.083    5.4332840996137499e-01    1.8482855246304553e-09
   326.00     6.106    5.4332840996137444e-01    1.5037714407029057e-09
   327.00     6.129    5.4332840996137211e-01    1.3262589915186140e-09
   328.00     6.153    5.4332840996137488e-01    1.8558118375366917e-09
   329.00     6.175    5.4332840996137088e-01    1.1637885100057588e-09
   330.00     6.198    5.4332840996137488e-01    1.0257615867814707e-09
   331.00     6.221    5.4332840996136422e-01    1.3540554233415492e-09
   332.00     6.244    5.4332840996136844e-01    1.4197386599690276e-09
   333.00     6.267    5.4332840996137155e-01    1.3674600340962684e-09
   334.00     6.290    5.4332840996137488e-01    1.0231610003685887e-09
   335.00     6.313    5.4332840996136800e-01    1.0353414792163562e-09
   336.00     6.335    5.4332840996136345e-01    9.3736973738600682e-10
   337.00     6.359    5.4332840996136689e-01    9.6208363498107019e-10
   338.00     6.383    5.4332840996136567e-01    8.4210005635299012e-10
   339.00     6.405    5.4332840996136311e-01    7.4498895941133014e-10
   340.00     6.428    5.4332840996136356e-01    1.1561135382365251e-09
   341.00     6.452    5.4332840996137444e-01    9.7822439037997810e-10
   342.00     6.474    5.4332840996136245e-01    1.1668077615212269e-09
   343.00     6.497    5.4332840996136822e-01    9.4957164353814960e-10
   344.00     6.520    5.4332840996135678e-01    8.6921514430571278e-10
   345.00     6.543    5.4332840996136411e-01    7.9555251275564842e-10
   346.00     6.566    5.4332840996136300e-01    7.8427608851683317e-10
   347.00     6.589    5.4332840996136444e-01    6.7893501931592937e-10
   348.00     6.613    5.4332840996136411e-01    9.7226626749602474e-10
   349.00     6.636    5.4332840996136900e-01    1.0509552117454746e-09
   350.00     6.658    5.4332840996135945e-01    6.8395122898579075e-10
   351.00     6.682    5.4332840996136300e-01    5.9401528140767823e-10
   352.00     6.704    5.4332840996136222e-01    7.1941996804270048e-10
   353.00     6.727    5.4332840996136511e-01    5.9058991030980224e-10
   354.00     6.751    5.4332840996136478e-01    8.2444762128375260e-10
   355.00     6.773    5.4332840996136433e-01    6.2992178140319766e-10
   356.00     6.795    5.4332840996135845e-01    6.4298022461883875e-10
   357.00     6.818    5.4332840996136211e-01    5.7621718507760988e-10
   358.00     6.842    5.4332840996136678e-01    4.6299675204863888e-10
   359.00     6.864    5.4332840996136733e-01    3.8505698629620611e-10
   360.00     6.887    5.4332840996135912e-01    4.0261893818893668e-10
   361.00     6.911    5.4332840996135745e-01    4.1518666282769345e-10
   362.00     6.933    5.4332840996136433e-01    3.4687597239013712e-10
   363.00     6.956    5.4332840996136522e-01    5.0227222381238334e-10
   364.00     6.979    5.4332840996136134e-01    4.2234604702429124e-10
   365.00     7.002    5.4332840996136200e-01    4.4873882387719277e-10
   366.00     7.024    5.4332840996136045e-01    3.6038516615377603e-10
   367.00     7.048    5.4332840996135734e-01    3.7037461986244580e-10
   368.00     7.070    5.4332840996136467e-01    3.0806568407371060e-10
   369.00     7.093    5.4332840996136589e-01    2.8738866841848676e-10
   370.00     7.117    5.4332840996135767e-01    5.2743054368420417e-10
   371.00     7.139    5.4332840996136167e-01    3.7381775452871580e-10
   372.00     7.162    5.4332840996135867e-01    3.8520109324480245e-10
   373.00     7.185    5.4332840996136067e-01    3.4840275109360164e-10
   374.00     7.208    5.4332840996135423e-01    3.2673352912127029e-10
   375.00     7.230    5.4332840996136222e-01    3.3508118502112438e-10
   376.00     7.253    5.4332840996135823e-01    2.3062918241834041e-10
   377.00     7.276    5.4332840996135956e-01    2.5655311208794274e-10
   378.00     7.299    5.4332840996135612e-01    2.4203261617117278e-10
   379.00     7.321    5.4332840996136367e-01    2.8549873576366736e-10
   380.00     7.345    5.4332840996136267e-01    1.8976398230563518e-10
   381.00     7.367    5.4332840996136000e-01    2.0254431465360767e-10
   382.00     7.390    5.4332840996136034e-01    1.9777679494126232e-10
   383.00     7.413    5.4332840996135812e-01    2.3959001449469497e-10
   384.00     7.436    5.4332840996136023e-01    2.0152501889469931e-10
   385.00     7.459    5.4332840996136389e-01    1.5838885758512333e-10
   386.00     7.482    5.4332840996135989e-01    2.0311596848898716e-10
   387.00     7.506    5.4332840996135479e-01    2.0477985973599289e-10
   388.00     7.529    5.4332840996136045e-01    1.7701673460379652e-10
   389.00     7.551    5.4332840996135712e-01    1.3590140124364325e-10
   390.00     7.575    5.4332840996135456e-01    1.8043488925201245e-10
   391.00     7.597    5.4332840996135801e-01    2.0517587628887668e-10
   392.00     7.619    5.4332840996135578e-01    1.7688095432788487e-10
   393.00     7.642    5.4332840996136411e-01    1.2092882251124593e-10
   394.00     7.666    5.4332840996135967e-01    1.2496526036187561e-10
   395.00     7.688    5.4332840996136134e-01    1.5376711015591127e-10
   396.00     7.711    5.4332840996135745e-01    1.6651413581314500e-10
   397.00     7.735    5.4332840996135490e-01    2.1102364300418230e-10
   398.00     7.757    5.4332840996136000e-01    2.0858204052842666e-10
   399.00     7.780    5.4332840996135923e-01    1.7262424822916955e-10
   400.00     7.804    5.4332840996135923e-01    1.6851164907905058e-10
   401.00     7.827    5.4332840996135534e-01    1.5153989174621074e-10
   402.00     7.848    5.4332840996135545e-01    1.6227952315261973e-10
   403.00     7.868    5.4332840996136067e-01    8.8672069686879240e-11
