    epoch   elapsed                       val                 norm_grad
     0.00     0.000    6.9314718055994529e-01    1.3426735645219087e-01
     0.12     0.005    6.9314684193824594e-01    1.3426714304678100e-01
     0.20     0.009    5.9961797440756948e-01    3.5568683277066568e-02
     0.32     0.016    5.8387934981229639e-01    2.8333990603783915e-02
     0.40     0.021    5.2798806245623853e-01    8.7199306621384611e-03
     0.52     0.028    5.2404960810960199e-01    3.9019151550553580e-03
     0.60     0.034    5.2254104648468103e-01    2.8772038818418609e-03
     0.72     0.040    5.2060197275411457e-01    5.3230728097996543e-03
     0.80     0.045    5.1901415890166647e-01    3.5942470845592269e-03
     0.92     0.053    5.1745609663458791e-01    3.5124386655155998e-03
     1.00     0.057    5.1727411447703597e-01    2.9853345523945213e-03
     1.12     0.064    5.1708873588268423e-01    4.7114049317887093e-03
     1.20     0.067    5.1685067729376843e-01    1.5884352425562683e-03
     1.32     0.073    5.1685696690079908e-01    1.3384595855508018e-03
     1.40     0.077    5.1686964742094077e-01    1.2396312778550937e-03
     1.52     0.082    5.1687473639406234e-01    2.0718575030601299e-03
     1.60     0.086    5.1682972632037516e-01    1.7473934945723905e-03
     1.72     0.092    5.1686649789262906e-01    2.7707557892171293e-03
     1.80     0.096    5.1684352442565240e-01    2.1513422423981134e-03
     1.92     0.101    5.1681474797860671e-01    1.2287274602873965e-03
     2.00     0.105    5.1681782242801455e-01    1.5355009834125968e-03
     2.12     0.111    5.1680795105169131e-01    1.0000833238044129e-03
     2.20     0.115    5.1680838982118782e-01    1.1501464622239016e-03
     2.32     0.120    5.1679786112090897e-01    8.1403934054575372e-04
     2.40     0.123    5.1679137031917632e-01    8.3187287564873017e-04
     2.52     0.129    5.1679073896920236e-01    9.0508816137548043e-04
     2.60     0.134    5.1679287785642225e-01    1.0623033645531541e-03
     2.72     0.141    5.1678964936741278e-01    9.2819877818324753e-04
     2.80     0.144    5.1678964936741278e-01    9.2819877818324753e-04
     2.92     0.151    5.1678679837292851e-01    7.5846195470070303e-04
     3.00     0.157    5.1678451593337305e-01    6.9573696657502908e-04
     3.12     0.164    5.1678283823046944e-01    6.3455699235698162e-04
     3.20     0.168    5.1677983178385944e-01    5.9796543124122437e-04
     3.32     0.177    5.1677317218158525e-01    6.4374612397794678e-04
     3.40     0.182    5.1676597096574317e-01    6.2893315334675601e-04
     3.52     0.190    5.1675355490223263e-01    5.9159028036263211e-04
     3.60     0.195    5.1674247096555481e-01    5.4143326547150797e-04
     3.72     0.204    5.1672592862348743e-01    4.1386626167599553e-04
     3.80     0.210    5.1672201713436161e-01    3.9924295840751905e-04
     3.92     0.218    5.1671865380029292e-01    3.0394798213926515e-04
     4.00     0.224    5.1671691895064276e-01    2.2708577015727365e-04
     4.12     0.233    5.1671251232784254e-01    1.2866715964196930e-04
     4.20     0.239    5.1671144145808401e-01    1.5096057010689158e-04
     4.32     0.247    5.1670979743891499e-01    1.5220021977991466e-04
     4.40     0.253    5.1670801973072045e-01    1.5032285934422196e-04
     4.52     0.261    5.1670627685604886e-01    1.6418159785787888e-04
     4.60     0.266    5.1670500373870587e-01    1.8565793932265326e-04
     4.72     0.274    5.1670165607908713e-01    1.0579261177376554e-04
     4.80     0.279    5.1670084513963688e-01    1.0633486377567568e-04
     4.92     0.288    5.1669998664123917e-01    1.0794814681192972e-04
     5.00     0.294    5.1669869748232011e-01    1.1721132678477756e-04
     5.12     0.302    5.1669724527862493e-01    1.2534492699208720e-04
     5.20     0.308    5.1669650391899646e-01    1.1749187424237347e-04
     5.32     0.318    5.1669468475657354e-01    1.2330567781661104e-04
     5.40     0.323    5.1669410599419263e-01    9.7406986265704301e-05
     5.52     0.332    5.1669254917667096e-01    8.2602617671112641e-05
     5.60     0.337    5.1669190895515116e-01    6.9161758849476675e-05
     5.72     0.346    5.1669145548672324e-01    7.5954924379712814e-05
     5.80     0.352    5.1669121444064792e-01    9.2707808937188873e-05
     5.92     0.361    5.1669116144278215e-01    1.0941948245653081e-04
     6.00     0.366    5.1669102850727355e-01    6.1779447774351132e-05
     6.12     0.375    5.1669110852248146e-01    3.5700974578833881e-05
     6.20     0.381    5.1669116261688153e-01    6.1556755102510553e-05
     6.32     0.390    5.1669117156062416e-01    9.6083582375720207e-05
     6.40     0.397    5.1669111946629398e-01    9.1716862583428419e-05
     6.52     0.403    5.1669105713663277e-01    5.9283760538178721e-05
     6.60     0.409    5.1669100213903985e-01    4.1107852831929139e-05
     6.72     0.417    5.1669096864686170e-01    3.5403760186023931e-05
     6.80     0.424    5.1669095905792206e-01    2.9195012590436561e-05
     6.92     0.430    5.1669095375584639e-01    3.2001260740114599e-05
     7.00     0.435    5.1669094513059433e-01    2.4620249006723506e-05
     7.12     0.443    5.1669091387042487e-01    2.4890671151816083e-05
     7.20     0.449    5.1669090863973022e-01    1.9612432169147177e-05
     7.32     0.458    5.1669090044810451e-01    7.8313793923138722e-06
     7.40     0.465    5.1669089928163892e-01    5.3614380082606378e-06
     7.52     0.474    5.1669089864195883e-01    8.4923566465140769e-06
     7.60     0.479    5.1669090023128961e-01    1.2683478282460652e-05
     7.72     0.488    5.1669090176819099e-01    1.3935489263120465e-05
     7.80     0.494    5.1669090281362562e-01    1.5511339467836973e-05
     7.92     0.503    5.1669089994080897e-01    1.1285384224589348e-05
     8.00     0.510    5.1669089817927583e-01    8.0067305864723764e-06
     8.12     0.520    5.1669089725869566e-01    2.4011744288827345e-06
     8.20     0.525    5.1669089754442532e-01    4.9796243188288370e-06
     8.32     0.535    5.1669089747156749e-01    4.5743400896214228e-06
     8.40     0.543    5.1669089738363327e-01    3.9282937304418353e-06
     8.52     0.552    5.1669089718035399e-01    7.2135450200808653e-07
     8.60     0.558    5.1669089716516403e-01    7.4170124973637128e-07
     8.72     0.567    5.1669089719215311e-01    1.3739334928465040e-06
     8.80     0.573    5.1669089715549910e-01    9.6418071712957767e-07
     8.92     0.583    5.1669089717274586e-01    1.2941280296707255e-06
     9.00     0.589    5.1669089714836969e-01    7.2176980142985445e-07
     9.12     0.598    5.1669089713148175e-01    3.2838802248783260e-07
     9.20     0.604    5.1669089713073224e-01    1.6141270769538471e-07
     9.32     0.614    5.1669089714553562e-01    8.1241756353238087e-07
     9.40     0.620    5.1669089714454119e-01    7.9207367347166279e-07
     9.52     0.630    5.1669089713599259e-01    5.4839852361392223e-07
     9.60     0.637    5.1669089713355987e-01    4.5695700557446772e-07
     9.72     0.647    5.1669089713226646e-01    4.0228204800341570e-07
     9.80     0.653    5.1669089712993510e-01    2.0481680285163985e-07
     9.92     0.662    5.1669089712945349e-01    1.6057572544726106e-07
    10.00     0.669    5.1669089712948479e-01    1.3131640651672941e-07
    10.12     0.678    5.1669089712976146e-01    1.6851161119779917e-07
    10.20     0.685    5.1669089712904448e-01    8.4944607638576817e-08
    10.32     0.695    5.1669089712901350e-01    6.8179050686603703e-08
    10.40     0.702    5.1669089712891458e-01    4.5969474918740300e-08
    10.52     0.711    5.1669089712889849e-01    4.7723240994072792e-08
    10.60     0.718    5.1669089712890748e-01    6.1172135731817594e-08
    10.72     0.729    5.1669089712889071e-01    5.7437416997780950e-08
    10.80     0.736    5.1669089712890715e-01    6.4305809598020258e-08
    10.92     0.745    5.1669089712892335e-01    5.7289845564239747e-08
    11.00     0.753    5.1669089712887206e-01    1.5718766651726004e-08
    11.12     0.763    5.1669089712885785e-01    6.2022891001770855e-09
    11.20     0.769    5.1669089712886140e-01    2.0726461194490439e-08
    11.32     0.779    5.1669089712886163e-01    1.9484076593823276e-08
    11.40     0.786    5.1669089712886052e-01    2.1460208637245963e-08
    11.52     0.796    5.1669089712885641e-01    1.2130529807112658e-08
    11.60     0.802    5.1669089712885574e-01    1.0194218127503355e-08
    11.72     0.813    5.1669089712885508e-01    4.7712692370703406e-09
    11.80     0.819    5.1669089712885474e-01    3.2845215773729167e-09
    11.92     0.829    5.1669089712885474e-01    6.6951078607764927e-09
    12.00     0.837    5.1669089712885441e-01    4.9020535415618242e-09
    12.12     0.848    5.1669089712885452e-01    5.4943811061866328e-09
    12.20     0.854    5.1669089712885430e-01    4.7904073967790044e-09
    12.32     0.864    5.1669089712885408e-01    1.7758767726895825e-09
    12.40     0.870    5.1669089712885408e-01    9.1062235849404829e-10
    12.52     0.880    5.1669089712885408e-01    1.3433932955175766e-09
    12.60     0.887    5.1669089712885408e-01    1.0218878163940264e-09
    12.72     0.898    5.1669089712885408e-01    6.3868613238318543e-10
    12.80     0.904    5.1669089712885408e-01    1.1020326365770658e-09
    12.92     0.913    5.1669089712885397e-01    5.2353455962054888e-10
    13.00     0.920    5.1669089712885397e-01    4.4107676914695239e-10
    13.12     0.930    5.1669089712885397e-01    8.4042067068125785e-10
    13.20     0.937    5.1669089712885419e-01    9.2172827435344808e-10
    13.32     0.946    5.1669089712885408e-01    8.0037803838536458e-10
    13.40     0.953    5.1669089712885397e-01    4.7710884172946842e-10
    13.52     0.963    5.1669089712885408e-01    2.5725754963044759e-10
    13.60     0.970    5.1669089712885397e-01    4.3996884900839917e-10
    13.72     0.980    5.1669089712885408e-01    1.8657035141597255e-10
    13.80     0.987    5.1669089712885397e-01    1.4944472469556125e-10
    13.92     0.996    5.1669089712885408e-01    4.4988260613373584e-10
    14.00     1.003    5.1669089712885408e-01    2.0296003817339833e-10
    14.12     1.014    5.1669089712885408e-01    2.0753598196395070e-10
    14.20     1.020    5.1669089712885397e-01    1.7550653308049877e-10
    14.32     1.031    5.1669089712885408e-01    1.2999544023761561e-10
    14.40     1.037    5.1669089712885408e-01    1.8983547578273500e-10
    14.52     1.046    5.1669089712885408e-01    9.9768925570066849e-11
    14.60     1.054    5.1669089712885408e-01    1.5951969510130757e-10
    14.72     1.064    5.1669089712885397e-01    1.9023058714538938e-10
    14.80     1.070    5.1669089712885408e-01    1.9220439985683652e-10
    14.92     1.079    5.1669089712885397e-01    4.5542268581685733e-11
    15.00     1.085    5.1669089712885397e-01    4.4833010913491230e-11
    15.12     1.095    5.1669089712885408e-01    1.9284441788740736e-10
    15.20     1.102    5.1669089712885408e-01    2.1923222664135150e-10
    15.32     1.112    5.1669089712885408e-01    5.0091521628845524e-11
    15.40     1.119    5.1669089712885397e-01    4.6340027850405325e-11
    15.52     1.129    5.1669089712885408e-01    1.2945684383489542e-10
    15.60     1.136    5.1669089712885408e-01    1.1075201329698177e-10
    15.72     1.146    5.1669089712885408e-01    3.6779237316299229e-11
    15.80     1.152    5.1669089712885408e-01    3.6029492584533198e-11
    15.92     1.161    5.1669089712885408e-01    6.3140984428385104e-11
    16.00     1.168    5.1669089712885408e-01    6.2978865683307366e-11
    16.12     1.178    5.1669089712885408e-01    1.5274004778250295e-11
    16.20     1.185    5.1669089712885397e-01    1.2968664482555054e-11
    16.32     1.196    5.1669089712885397e-01    6.4656462197838337e-11
    16.40     1.203    5.1669089712885397e-01    6.4633250266193975e-11
    16.52     1.213    5.1669089712885408e-01    1.1317396367662488e-11
    16.60     1.219    5.1669089712885408e-01    9.8608772074171552e-12
    16.72     1.229    5.1669089712885397e-01    7.6321048368314199e-11
    16.80     1.236    5.1669089712885408e-01    7.5548118240751977e-11
    16.92     1.246    5.1669089712885397e-01    1.0152899551087950e-11
    17.00     1.253    5.1669089712885397e-01    1.0114956513704049e-11
    17.12     1.264    5.1669089712885408e-01    6.1089335579202078e-11
    17.20     1.270    5.1669089712885397e-01    6.1017852652744649e-11
    17.32     1.281    5.1669089712885419e-01    1.5212590403687869e-11
    17.40     1.287    5.1669089712885397e-01    1.5760478480012635e-11
    17.52     1.296    5.1669089712885397e-01    6.1374006500206730e-11
    17.60     1.303    5.1669089712885419e-01    6.2607599572055746e-11
    17.72     1.314    5.1669089712885397e-01    1.7822170073690828e-11
    17.80     1.320    5.1669089712885397e-01    2.0272939465262310e-11
    17.92     1.330    5.1669089712885408e-01    7.5703935978885858e-11
    18.00     1.336    5.1669089712885408e-01    7.6080158669446793e-11
    18.12     1.346    5.1669089712885408e-01    2.0786024099584809e-11
    18.20     1.352    5.1669089712885397e-01    2.0788990453011807e-11
    18.32     1.362    5.1669089712885397e-01    8.0494881112447726e-11
    18.40     1.369    5.1669089712885397e-01    8.0262275900636103e-11
    18.52     1.379    5.1669089712885397e-01    2.0615352551130520e-11
    18.60     1.386    5.1669089712885397e-01    2.0618424749794606e-11
    18.72     1.396    5.1669089712885397e-01    7.8782216153186610e-11
    18.80     1.402    5.1669089712885397e-01    7.7890912524112427e-11
    18.92     1.412    5.1669089712885408e-01    1.9060388345231404e-11
    19.00     1.419    5.1669089712885397e-01    1.8992914137722127e-11
    19.12     1.429    5.1669089712885397e-01    7.0089474995356157e-11
    19.20     1.435    5.1669089712885408e-01    6.9088640075587720e-11
    19.32     1.444    5.1669089712885397e-01    1.8112870863004789e-11
    19.40     1.451    5.1669089712885397e-01    1.8370373225943181e-11
    19.52     1.460    5.1669089712885408e-01    6.7442712811747584e-11
    19.60     1.467    5.1669089712885408e-01    6.7199554206381950e-11
    19.72     1.477    5.1669089712885419e-01    1.9085999026748545e-11
    19.80     1.484    5.1669089712885408e-01    1.9099973752394975e-11
    19.92     1.494    5.1669089712885408e-01    6.6551702449196663e-11
    20.00     1.502    5.1669089712885397e-01    6.6177882384531274e-11
    20.12     1.512    5.1669089712885397e-01    1.9605524038816043e-11
    20.20     1.518    5.1669089712885408e-01    1.9643520100462442e-11
    20.32     1.528    5.1669089712885397e-01    6.6029040437056482e-11
    20.40     1.536    5.1669089712885397e-01    6.6011665619515819e-11
    20.52     1.545    5.1669089712885397e-01    1.9676465484215347e-11
    20.60     1.553    5.1669089712885397e-01    1.9676480764689716e-11
    20.72     1.563    5.1669089712885397e-01    6.5916092693179586e-11
    20.80     1.570    5.1669089712885408e-01    6.5909395403565421e-11
    20.92     1.580    5.1669089712885408e-01    1.9730246103089651e-11
    21.00     1.586    5.1669089712885408e-01    1.9811735863233416e-11
    21.12     1.597    5.1669089712885419e-01    6.4850645883354156e-11
    21.20     1.604    5.1669089712885408e-01    6.4850655647949972e-11
    21.32     1.615    5.1669089712885408e-01    1.9812644346726927e-11
    21.40     1.622    5.1669089712885408e-01    1.9812667260662217e-11
    21.52     1.632    5.1669089712885408e-01    6.4850674736684471e-11
    21.60     1.638    5.1669089712885408e-01    6.4850673899815919e-11
    21.72     1.648    5.1669089712885408e-01    1.9812654009678790e-11
    21.80     1.655    5.1669089712885408e-01    1.9812684719705325e-11
    21.92     1.665    5.1669089712885408e-01    6.4850693703446226e-11
    22.00     1.671    5.1669089712885408e-01    6.4850694553867305e-11
    22.12     1.681    5.1669089712885408e-01    1.9812654145204061e-11
    22.20     1.688    5.1669089712885408e-01    1.9812650326779535e-11
    22.32     1.697    5.1669089712885408e-01    6.4850665185540958e-11
    22.40     1.704    5.1669089712885408e-01    6.4850685724395863e-11
    22.52     1.714    5.1669089712885408e-01    1.9812652000516639e-11
    22.60     1.722    5.1669089712885408e-01    1.9812668212727249e-11
    22.72     1.731    5.1669089712885408e-01    6.4850643904685191e-11
    22.80     1.737    5.1669089712885408e-01    6.4850632381648976e-11
    22.92     1.747    5.1669089712885408e-01    1.9812628076918077e-11
    23.00     1.754    5.1669089712885408e-01    1.9812659471347234e-11
    23.12     1.764    5.1669089712885408e-01    6.4850613709654687e-11
    23.20     1.771    5.1669089712885408e-01    6.4850605103799943e-11
    23.32     1.780    5.1669089712885408e-01    1.9812658187245286e-11
    23.40     1.786    5.1669089712885408e-01    1.9812621886801298e-11
    23.52     1.795    5.1669089712885419e-01    6.4850603196281746e-11
    23.60     1.802    5.1669089712885408e-01    6.4850593021721983e-11
    23.72     1.813    5.1669089712885408e-01    1.9812639057853205e-11
    23.80     1.820    5.1669089712885408e-01    1.9812639416995174e-11
    23.92     1.829    5.1669089712885408e-01    6.4850612215488568e-11
    24.00     1.836    5.1669089712885408e-01    6.4850627607771286e-11
    24.12     1.846    5.1669089712885408e-01    1.9812627978662255e-11
    24.20     1.852    5.1669089712885408e-01    1.9812627500935672e-11
    24.32     1.861    5.1669089712885408e-01    6.4850612323908785e-11
    24.40     1.868    5.1669089712885408e-01    6.4850612327296917e-11
    24.52     1.878    5.1669089712885408e-01    1.9812627931228410e-11
    24.60     1.885    5.1669089712885408e-01    1.9812643208314646e-11
    24.72     1.895    5.1669089712885408e-01    6.4850586597824111e-11
    24.80     1.903    5.1669089712885408e-01    6.4850570344955919e-11
    24.92     1.913    5.1669089712885408e-01    1.9812658498953410e-11
    25.00     1.919    5.1669089712885408e-01    1.9812656591435213e-11
    25.12     1.928    5.1669089712885408e-01    6.4850611287140458e-11
    25.20     1.935    5.1669089712885408e-01    6.4850603602857560e-11
    25.32     1.945    5.1669089712885408e-01    1.9812643215090910e-11
    25.40     1.951    5.1669089712885419e-01    1.9812636530306890e-11
    25.52     1.962    5.1669089712885408e-01    6.4850523876728433e-11
    25.60     1.970    5.1669089712885419e-01    6.4850544886533657e-11
    25.72     1.979    5.1669089712885408e-01    1.9812638434436956e-11
    25.80     1.984    5.1669089712885408e-01    1.9812638434436956e-11
    25.92     1.995    5.1669089712885408e-01    6.4850529616223684e-11
    26.00     2.002    5.1669089712885408e-01    6.4850502619589589e-11
    26.12     2.013    5.1669089712885419e-01    1.9812623160738851e-11
    26.20     2.020    5.1669089712885419e-01    1.9812628893457838e-11
    26.32     2.029    5.1669089712885408e-01    6.4850499898919762e-11
    26.40     2.037    5.1669089712885408e-01    6.4850495975463151e-11
    26.52     2.047    5.1669089712885419e-01    1.9812623164126983e-11
    26.60     2.053    5.1669089712885419e-01    1.9812642269802141e-11
    26.72     2.063    5.1669089712885408e-01    6.4850521267866956e-11
    26.80     2.070    5.1669089712885408e-01    6.4850528098340642e-11
    26.92     2.079    5.1669089712885419e-01    1.9812637963486637e-11
    27.00     2.085    5.1669089712885419e-01    1.9812653240572874e-11
    27.12     2.095    5.1669089712885408e-01    6.4850514593247331e-11
    27.20     2.102    5.1669089712885408e-01    6.4850528071235588e-11
    27.32     2.111    5.1669089712885419e-01    1.9812637011421604e-11
    27.40     2.117    5.1669089712885419e-01    1.9812620775494071e-11
    27.52     2.129    5.1669089712885408e-01    6.4850492597495757e-11
    27.60     2.136    5.1669089712885408e-01    6.4850496483682919e-11
    27.72     2.146    5.1669089712885419e-01    1.9812618864587742e-11
    27.80     2.153    5.1669089712885419e-01    1.9812654196026038e-11
    27.92     2.164    5.1669089712885408e-01    6.4850527851007022e-11
    28.00     2.171    5.1669089712885408e-01    6.4850527847618890e-11
    28.12     2.181    5.1669089712885419e-01    1.9812635812022951e-11
    28.20     2.187    5.1669089712885419e-01    1.9812635815411083e-11
    28.32     2.198    5.1669089712885408e-01    6.4850516036591473e-11
    28.40     2.205    5.1669089712885408e-01    6.4850496900423129e-11
    28.52     2.213    5.1669089712885419e-01    1.9812637011421604e-11
    28.60     2.220    5.1669089712885419e-01    1.9812634145062111e-11
    28.72     2.229    5.1669089712885408e-01    6.4850537829055140e-11
    28.80     2.235    5.1669089712885408e-01    6.4850536876990108e-11
    28.92     2.245    5.1669089712885419e-01    1.9812640829846130e-11
    29.00     2.251    5.1669089712885419e-01    1.9812637011421604e-11
    29.12     2.263    5.1669089712885408e-01    6.4850533055177450e-11
    29.20     2.270    5.1669089712885408e-01    6.4850561542589532e-11
    29.32     2.279    5.1669089712885408e-01    1.9812656106932367e-11
    29.40     2.287    5.1669089712885408e-01    1.9812640863727448e-11
    29.52     2.297    5.1669089712885408e-01    6.4850582416869484e-11
    29.60     2.306    5.1669089712885408e-01    6.4850593882307458e-11
    29.72     2.318    5.1669089712885408e-01    1.9812640863727448e-11
    29.80     2.324    5.1669089712885408e-01    1.9812648500576501e-11
    29.92     2.335    5.1669089712885408e-01    6.4850617175713507e-11
    30.00     2.342    5.1669089712885408e-01    6.4850611334574303e-11
    30.12     2.352    5.1669089712885408e-01    1.9812656144201817e-11
    30.20     2.360    5.1669089712885408e-01    1.9812656140813685e-11
