    epoch   elapsed                       val                 norm_grad
     0.00     0.000    6.9314718055959967e-01    2.6904886213568374e-01
     4.00     0.033    5.0481190700206513e-01    1.2101464680293347e-01
     8.00     0.070    3.6279140334452498e-01    1.1850362374902673e-02
    12.00     0.103    3.2804615331475429e-01    2.2175251921495685e-03
    16.00     0.138    3.2488888393694459e-01    5.8648785635904695e-04
    20.00     0.172    3.2456285094099757e-01    6.2253944326059064e-04
    24.00     0.207    3.2415687320018616e-01    4.2646403384462333e-04
    28.00     0.239    3.2391450314927367e-01    8.5042685969575755e-04
    32.00     0.275    3.2384726063550473e-01    4.8276962578848779e-04
    36.00     0.307    3.2374099722867905e-01    5.0623339978900618e-04
    40.00     0.343    3.2365090711217309e-01    7.7775269197097622e-04
    44.00     0.376    3.2359537296253199e-01    2.7511485923783070e-04
    48.00     0.411    3.2351399385858559e-01    4.3102114822942154e-04
    52.00     0.444    3.2347390303536006e-01    3.3061345136272042e-04
    60.00     0.516    3.2345440639892564e-01    2.1868623542424989e-04
    64.00     0.549    3.2343533173980421e-01    1.4914673988912323e-04
    68.00     0.583    3.2342551822816568e-01    3.2362155612753769e-04
    72.00     0.620    3.2341998076122752e-01    2.0204895560045196e-04
    76.00     0.656    3.2341413835288318e-01    2.1552068838238638e-04
    84.00     0.724    3.2340072592783986e-01    1.2654464105114698e-04
    88.00     0.760    3.2339569718877076e-01    1.7743998034830014e-04
    92.00     0.793    3.2338988241862188e-01    5.5984562724597616e-05
    96.00     0.828    3.2338699387705355e-01    4.5227124579279827e-05
   100.00     0.861    3.2338617019621080e-01    4.2714144276086952e-05
   104.00     0.896    3.2338528711125902e-01    6.9961499045620275e-05
   108.00     0.932    3.2338422022048668e-01    4.0736656461872001e-05
   116.00     1.003    3.2338325695181935e-01    3.9842474196765414e-05
   120.00     1.037    3.2338233966297170e-01    3.4104413973352482e-05
   124.00     1.073    3.2338168500848391e-01    5.6639384701197999e-05
   128.00     1.106    3.2338138757336254e-01    4.0495367208370906e-05
   132.00     1.140    3.2338075757809670e-01    1.0992757766516233e-05
   136.00     1.173    3.2338055427137657e-01    5.3664094236899012e-05
   140.00     1.208    3.2338042651086030e-01    6.4837510839270030e-05
   144.00     1.241    3.2338028610927860e-01    3.3154543746574352e-05
   152.00     1.311    3.2338000339844064e-01    1.0014937867910298e-05
   156.00     1.344    3.2337992347369271e-01    8.3771742590514072e-06
   160.00     1.379    3.2337982489371275e-01    1.3241082475096455e-05
   164.00     1.412    3.2337980714563891e-01    7.5097634904415523e-06
   172.00     1.483    3.2337975163171018e-01    1.1017408606068639e-05
   176.00     1.519    3.2337970265642185e-01    4.3272370167898966e-06
   180.00     1.553    3.2337968701817948e-01    5.7443046761548239e-06
   188.00     1.626    3.2337966237880883e-01    4.4534923358491959e-06
   196.00     1.698    3.2337964188039081e-01    4.8068031648396057e-06
   200.00     1.735    3.2337962882966592e-01    4.0636066343356619e-06
   204.00     1.777    3.2337962150556177e-01    2.2259478728566927e-06
   212.00     1.860    3.2337960871331939e-01    2.3803420203541926e-06
   216.00     1.895    3.2337960459339765e-01    2.7019364435236092e-06
   224.00     1.985    3.2337959613940631e-01    5.1276826050293314e-06
   228.00     2.021    3.2337959461125793e-01    2.1552698930257128e-06
   232.00     2.055    3.2337959200128541e-01    1.2415053135586360e-06
   236.00     2.088    3.2337959074365108e-01    1.5215455808717192e-06
   240.00     2.122    3.2337958993876653e-01    9.0997954228333282e-07
   244.00     2.155    3.2337958812460260e-01    7.7018826221972526e-07
   248.00     2.189    3.2337958731762129e-01    7.9538882727327936e-07
   252.00     2.224    3.2337958680627205e-01    1.0455776592013238e-06
   256.00     2.257    3.2337958594745231e-01    1.3329742985843193e-06
   264.00     2.326    3.2337958512341031e-01    8.2322954924570938e-07
   268.00     2.358    3.2337958481405116e-01    9.1777880316057289e-07
   272.00     2.392    3.2337958457647009e-01    1.0243563058399984e-06
   276.00     2.424    3.2337958427547153e-01    3.7481551992352301e-06
   280.00     2.458    3.2337958396367894e-01    8.6932225767254759e-07
   284.00     2.492    3.2337958376863746e-01    4.0906579782909485e-07
   288.00     2.524    3.2337958591508675e-01    1.8845399540122117e-05
   292.00     2.558    3.2337958337633627e-01    5.7451472852031553e-07
   296.00     2.590    3.2337958309784648e-01    5.6570982399551284e-07
   300.00     2.625    3.2337958290429270e-01    2.6296287682945324e-06
   304.00     2.657    3.2337958279828338e-01    3.0269656819477345e-07
   308.00     2.691    3.2337958274448753e-01    2.1458017718896036e-07
   312.00     2.723    3.2337958289911833e-01    5.9988743857498639e-06
   316.00     2.757    3.2337958264486388e-01    2.9291725619343575e-07
   320.00     2.789    3.2337958261377947e-01    1.4796254133897463e-07
   324.00     2.824    3.2337958260602157e-01    1.7749661392064728e-06
   328.00     2.857    3.2337958257654409e-01    2.0836428995496775e-07
   332.00     2.892    3.2337958256838611e-01    7.8743545028592098e-08
   336.00     2.924    3.2337958253394300e-01    2.6475010018946034e-07
   340.00     2.959    3.2337958252068671e-01    1.4108921980915382e-07
   344.00     2.993    3.2337958251134274e-01    7.0294531469574474e-08
   348.00     3.025    3.2337958250371973e-01    6.0258761230571570e-08
   352.00     3.059    3.2337958249996374e-01    6.2096355316176455e-08
   356.00     3.094    3.2337958250563170e-01    8.3037980341067993e-07
   360.00     3.127    3.2337958249176724e-01    1.1178703099865025e-07
   364.00     3.162    3.2337958248576887e-01    1.2519060386775337e-07
   368.00     3.194    3.2337958248115878e-01    5.4330434307554987e-08
   372.00     3.229    3.2337958247731041e-01    3.6762422280993510e-08
   376.00     3.261    3.2337958247418508e-01    1.1702651176161317e-07
   380.00     3.296    3.2337958247176801e-01    8.2352375795985639e-08
   384.00     3.330    3.2337958247065784e-01    2.6991554230178217e-08
   388.00     3.362    3.2337958246970439e-01    6.7657599923558388e-08
   392.00     3.397    3.2337958246885545e-01    5.0820179555668055e-08
   396.00     3.431    3.2337958246829024e-01    2.2261412711468688e-08
   400.00     3.464    3.2337958247611992e-01    1.1764557732772738e-06
   404.00     3.500    3.2337958246727144e-01    3.8213467995188062e-08
   408.00     3.533    3.2337958246647763e-01    3.7168333340965962e-08
   412.00     3.567    3.2337958246604831e-01    9.8912914659098425e-08
   416.00     3.603    3.2337958246591303e-01    7.7662315971251919e-08
