    epoch   elapsed                       val                 norm_grad
     0.00     0.000    6.9314718055959967e-01    2.6904886213568374e-01
     4.00     0.034    4.1493723966623108e-01    8.2502663196941883e-02
     8.00     0.069    3.5927352034675197e-01    1.3071527024526347e-02
    12.00     0.100    3.3868325154112489e-01    9.2084613952781811e-03
    16.00     0.135    3.3378332553659640e-01    6.0653438686031737e-03
    20.00     0.166    3.3056580279505976e-01    4.2944086693703616e-03
    24.00     0.201    3.2761075713483268e-01    2.4072090176416412e-03
    28.00     0.234    3.2691801047324698e-01    1.9276048343441806e-03
    32.00     0.268    3.2580453064465870e-01    2.0929001196392976e-03
    36.00     0.300    3.2536964516516875e-01    1.2490680850072218e-03
    40.00     0.334    3.2509434552116023e-01    1.0272581120244267e-03
    44.00     0.365    3.2477001628346147e-01    8.0048807506714491e-04
    48.00     0.401    3.2468542273861634e-01    8.2945166595219035e-04
    52.00     0.433    3.2451188668840769e-01    9.5660780348132840e-04
    56.00     0.467    3.2441816862014794e-01    8.6848576137159284e-04
    60.00     0.499    3.2434574301502422e-01    9.3516060977521696e-04
    64.00     0.533    3.2416778461439749e-01    5.2082926517221957e-04
    68.00     0.567    3.2413770595640129e-01    3.6533527165611448e-04
    72.00     0.601    3.2402329210391839e-01    4.7761060570582046e-04
    76.00     0.636    3.2399014708540502e-01    4.0274024215666815e-04
    80.00     0.668    3.2390618296780210e-01    4.9733590954159699e-04
    84.00     0.703    3.2386975598403489e-01    3.8521580901073617e-04
    88.00     0.736    3.2382236402779391e-01    4.1658168582221018e-04
    92.00     0.771    3.2376790790121596e-01    4.3791385127621831e-04
    96.00     0.803    3.2374362238749815e-01    2.6353460931099885e-04
   100.00     0.837    3.2369973653686152e-01    5.0016698024454864e-04
   104.00     0.871    3.2368608459393516e-01    3.6978156719681644e-04
   108.00     0.905    3.2364756847459686e-01    3.3689668458721856e-04
   112.00     0.939    3.2363024983803051e-01    3.3857452083944841e-04
   116.00     0.973    3.2359088044844742e-01    3.4659727137569359e-04
   120.00     1.006    3.2356553122792125e-01    3.3331520671132009e-04
   124.00     1.039    3.2354347641589759e-01    2.4750466083539455e-04
   128.00     1.076    3.2351535241362944e-01    3.6645572698914842e-04
   132.00     1.109    3.2350421247653599e-01    2.3361098455209597e-04
   136.00     1.144    3.2347672850107168e-01    3.3356298249667590e-04
   140.00     1.176    3.2347083643984742e-01    1.2478816786109926e-04
   144.00     1.212    3.2345709262108502e-01    2.1563069489045043e-04
   148.00     1.245    3.2345441141373388e-01    1.2350658059715670e-04
   152.00     1.279    3.2343933364909033e-01    1.2128376098625047e-04
   156.00     1.311    3.2343711500203204e-01    9.1126424773540257e-05
   160.00     1.346    3.2342788532689032e-01    1.5362177387896411e-04
   164.00     1.377    3.2342573635719701e-01    1.3744846324592513e-04
   168.00     1.412    3.2341964492499020e-01    9.7354883346040158e-05
   172.00     1.445    3.2341722974249115e-01    8.1479060623456176e-05
   176.00     1.480    3.2341071806786403e-01    1.1265391874334720e-04
   180.00     1.513    3.2340830580781088e-01    1.0368641971572901e-04
   184.00     1.548    3.2340453363037058e-01    7.0981294031620331e-05
   188.00     1.580    3.2340234800661061e-01    1.1805538803088563e-04
   192.00     1.615    3.2339945570204925e-01    6.0950023200229475e-05
   196.00     1.647    3.2339705452204831e-01    1.1614430519801238e-04
   200.00     1.681    3.2339464544663649e-01    7.2510863273875882e-05
   204.00     1.713    3.2339226478252447e-01    9.4863128373993188e-05
   208.00     1.748    3.2339117434148473e-01    4.2508331191103459e-05
   212.00     1.779    3.2338935137720637e-01    1.0187986370412904e-04
   216.00     1.814    3.2338840665013219e-01    6.1091538253634441e-05
   220.00     1.849    3.2338723399554026e-01    7.0894018438093760e-05
   224.00     1.880    3.2338696626803137e-01    3.1442462940330562e-05
   228.00     1.916    3.2338598584155243e-01    6.5455581511949368e-05
   232.00     1.951    3.2338577879258984e-01    4.0169775366538310e-05
   236.00     1.986    3.2338509875297100e-01    2.6590909819176284e-05
   240.00     2.018    3.2338501576009954e-01    1.6674633631098755e-05
   244.00     2.053    3.2338451609830199e-01    3.4700837438159179e-05
   248.00     2.086    3.2338438983858242e-01    2.8727892973281681e-05
   252.00     2.121    3.2338383054934045e-01    2.4314951949126051e-05
   256.00     2.153    3.2338371052932990e-01    2.4698590143911342e-05
   260.00     2.189    3.2338307916895170e-01    2.0156199309212450e-05
   264.00     2.221    3.2338298980642494e-01    1.6229631931734415e-05
   268.00     2.257    3.2338231787843658e-01    1.7377804384588563e-05
   272.00     2.289    3.2338225723866293e-01    1.3440024303716805e-05
   276.00     2.324    3.2338193575331631e-01    3.9281788982318930e-05
   280.00     2.356    3.2338185069259906e-01    2.3918372544065425e-05
   284.00     2.392    3.2338150662184989e-01    2.8735325993891195e-05
   288.00     2.422    3.2338142425345845e-01    2.0537638182971651e-05
   292.00     2.458    3.2338099100517398e-01    1.5889103254828817e-05
   296.00     2.491    3.2338095099927389e-01    1.5021628960296775e-05
   300.00     2.525    3.2338068636289791e-01    1.6385554195436358e-05
   304.00     2.560    3.2338065498150242e-01    1.3065127898642270e-05
   308.00     2.592    3.2338039208510566e-01    1.3825881991893278e-05
   312.00     2.627    3.2338034807577831e-01    1.0143059880136488e-05
   316.00     2.659    3.2338022466232352e-01    1.0633498042142447e-05
   320.00     2.694    3.2338016321800883e-01    1.2295554797942745e-05
   324.00     2.726    3.2338008615248953e-01    8.6028287955969952e-06
   328.00     2.761    3.2338001222959684e-01    7.4800978461030761e-06
   332.00     2.794    3.2337998320115380e-01    5.6655735081195050e-06
   336.00     2.829    3.2337988013028734e-01    6.0272175436166335e-06
   340.00     2.861    3.2337987164963655e-01    4.8564450318754587e-06
   344.00     2.897    3.2337982036550272e-01    4.8029007071198259e-06
   348.00     2.930    3.2337981611674194e-01    4.0623815030818130e-06
   352.00     2.965    3.2337975521386297e-01    5.4997330951569844e-06
   356.00     2.997    3.2337973542563841e-01    5.3674362552111420e-06
   360.00     3.033    3.2337971054753029e-01    3.8078048812294587e-06
   364.00     3.065    3.2337967716600485e-01    3.3016413186783752e-06
   368.00     3.100    3.2337967262702488e-01    2.4011626673399348e-06
   372.00     3.132    3.2337965388936424e-01    3.1924247893540896e-06
   376.00     3.167    3.2337965270896479e-01    1.9036972002365307e-06
   380.00     3.198    3.2337963926933633e-01    3.7390310567051567e-06
   384.00     3.233    3.2337963734817621e-01    2.2337703667254020e-06
   388.00     3.267    3.2337962637597362e-01    3.4363571923913677e-06
   392.00     3.301    3.2337961826378098e-01    1.8686369250786133e-06
   396.00     3.334    3.2337961639607032e-01    1.4019678810049019e-06
   400.00     3.369    3.2337960715555591e-01    1.2131191657455527e-06
   404.00     3.400    3.2337960682099248e-01    1.2340333266086156e-06
   408.00     3.436    3.2337960262189752e-01    1.5310572360389363e-06
   412.00     3.467    3.2337960152730988e-01    1.3904894660095818e-06
   416.00     3.502    3.2337959908034153e-01    1.0492258575280481e-06
   420.00     3.535    3.2337959202340510e-01    1.3844184380928145e-06
   424.00     3.570    3.2337959180442843e-01    8.5961249082859048e-07
   428.00     3.602    3.2337959018874129e-01    1.1823523148520954e-06
