    epoch   elapsed                       val                 norm_grad
     0.00     0.000    6.9314718056034186e-01    7.7563972462139424e-03
     4.00     1.654    6.1342957860588609e-01    8.7591611849989169e-03
     8.00     3.317    5.7608834125362862e-01    7.4489120818426241e-03
    12.00     5.023    5.6092503226934787e-01    6.0907801916317006e-03
    16.00     6.686    5.4468214228508627e-01    5.6504716423703676e-03
    20.00     8.345    5.3260909023766467e-01    3.8531501176838462e-03
    24.00    10.067    5.2374822700851387e-01    4.0558051174939061e-03
    28.00    11.751    5.1506439831315487e-01    4.2547766399352524e-03
    32.00    13.438    5.0631112466005124e-01    2.9013443167889810e-03
    36.00    15.157    5.0106063616036878e-01    2.4288439608188988e-03
    40.00    16.856    4.9764849505092279e-01    2.9424159461266426e-03
    44.00    18.599    4.9152695073082403e-01    2.4451442431148601e-03
    48.00    20.239    4.8822483176804066e-01    2.5488052788780902e-03
    52.00    21.941    4.8588679042730687e-01    1.7349264834705680e-03
    56.00    23.630    4.8381572419090746e-01    2.5944740015476902e-03
    60.00    25.331    4.7956278706243599e-01    1.9250344254894151e-03
    64.00    26.976    4.7807684136688844e-01    1.3887560489715643e-03
    68.00    28.616    4.7640383041243556e-01    1.6225955733338629e-03
    72.00    30.259    4.7380777791031731e-01    1.6399804149117212e-03
    76.00    31.944    4.7271336203916070e-01    9.1964246612107113e-04
    80.00    33.601    4.7095652519431003e-01    1.2782683981780905e-03
    84.00    35.258    4.6950964952779395e-01    9.4321475864416057e-04
    88.00    37.030    4.6873077992221290e-01    8.8059060236071708e-04
    92.00    38.834    4.6763948000511546e-01    9.7700873693921573e-04
    96.00    40.724    4.6646986844172100e-01    1.0690497857721686e-03
   100.00    42.591    4.6575888718292091e-01    7.6928945283236691e-04
   104.00    44.451    4.6457509811585840e-01    1.0517563380505071e-03
   108.00    46.280    4.6420044070750099e-01    7.6675445432672384e-04
   112.00    48.099    4.6343876939946749e-01    5.8101448863398530e-04
   116.00    50.000    4.6298428067402481e-01    7.2044707650277854e-04
   120.00    51.886    4.6250443159315202e-01    8.3007089763946669e-04
   124.00    53.675    4.6192223196354620e-01    6.1040306670463750e-04
   128.00    55.355    4.6169705868561645e-01    4.8988009334282006e-04
   132.00    57.018    4.6130742049276313e-01    5.5693561809193565e-04
   136.00    58.758    4.6108413809450571e-01    6.0864120049139859e-04
   140.00    60.517    4.6073355323427195e-01    4.4510518014548040e-04
   144.00    62.340    4.6045271707168711e-01    5.7462061975517868e-04
   148.00    64.042    4.6027947388743828e-01    4.7751285102662594e-04
   152.00    65.796    4.5999967299489297e-01    3.7412740108315760e-04
   156.00    67.584    4.5992057167848577e-01    4.2543836847411395e-04
   160.00    69.377    4.5967682846099778e-01    3.6269446679765575e-04
   164.00    71.051    4.5956108050620731e-01    3.6920989225940374e-04
   168.00    72.718    4.5943795177071367e-01    2.7919074245898417e-04
   172.00    74.390    4.5929302927911408e-01    3.4548227680471086e-04
   176.00    76.082    4.5923597907821956e-01    3.0027557088352624e-04
   180.00    77.764    4.5911002517641553e-01    1.9431220418279782e-04
   184.00    79.479    4.5907563521963501e-01    2.1866265004772772e-04
   188.00    81.150    4.5899836698086771e-01    3.3380463058499122e-04
   192.00    82.845    4.5893825557585061e-01    2.3349448363614179e-04
   196.00    84.548    4.5888959082417846e-01    1.7624852661880002e-04
   200.00    86.181    4.5882274720101851e-01    2.0702254863634147e-04
   204.00    87.809    4.5879415183281175e-01    1.6847970631671269e-04
   208.00    89.436    4.5874885511592411e-01    1.5769261027553103e-04
   212.00    91.186    4.5872722453615605e-01    1.7420327508004842e-04
   216.00    92.889    4.5868232969472916e-01    1.8173618513195005e-04
   220.00    94.837    4.5865624543683592e-01    1.5439566181184471e-04
   224.00    96.532    4.5863324625417184e-01    1.0070877046040885e-04
   228.00    98.176    4.5860611302392257e-01    1.3439984467967977e-04
   232.00    99.833    4.5859552351735483e-01    1.2428609081849781e-04
   236.00   101.566    4.5856387170869406e-01    1.0296383651662295e-04
   240.00   103.268    4.5855709393288524e-01    1.1898465685025134e-04
   244.00   104.943    4.5853084782864073e-01    8.7610171802434092e-05
   248.00   106.618    4.5852540268646674e-01    7.8143818301305149e-05
   252.00   108.409    4.5850212354066600e-01    7.6307268030179363e-05
   256.00   110.273    4.5849707540276274e-01    6.4242766718761992e-05
   260.00   112.116    4.5848118577949482e-01    7.3751179217335612e-05
   264.00   113.917    4.5847582487225474e-01    6.5847502789769354e-05
   268.00   115.758    4.5846520066841584e-01    6.7154736190233803e-05
   272.00   117.583    4.5845956008790428e-01    5.1681602552672290e-05
   276.00   119.421    4.5845127105362926e-01    6.6322641268481167e-05
   280.00   121.194    4.5844631091388355e-01    4.8328157048516304e-05
   284.00   123.274    4.5843923647757090e-01    5.2373603475736866e-05
   288.00   125.199    4.5843495634613740e-01    4.8502631414040523e-05
   292.00   127.112    4.5842907495810087e-01    5.6226123912470671e-05
   296.00   129.083    4.5842518210422090e-01    4.5399935815344572e-05
   300.00   131.004    4.5841916948329836e-01    4.5991221098564147e-05
   304.00   132.938    4.5841541353843462e-01    4.3433013257379267e-05
   308.00   134.864    4.5841023259955593e-01    4.1128056483400622e-05
   312.00   136.742    4.5840741921271622e-01    3.1017312229888372e-05
   316.00   138.588    4.5840223483201847e-01    3.1323230691165997e-05
   320.00   140.441    4.5840054025082877e-01    2.6965210530050096e-05
   324.00   142.300    4.5839599898236499e-01    3.5227931227122046e-05
   328.00   144.151    4.5839484263033181e-01    2.9486282242691172e-05
   332.00   146.032    4.5839119452435695e-01    2.7567724421375306e-05
   336.00   147.884    4.5839052639411704e-01    2.1807681012448707e-05
   340.00   149.747    4.5838707668040429e-01    2.5951707385943441e-05
   344.00   151.594    4.5838662771718269e-01    2.0334366802820182e-05
   348.00   153.446    4.5838386641755585e-01    2.4153299878687712e-05
   352.00   155.284    4.5838356156753601e-01    1.7255789555546496e-05
   356.00   157.146    4.5838158622360764e-01    2.1767554452191550e-05
   360.00   159.013    4.5838132644145163e-01    2.1155013471525622e-05
   364.00   160.636    4.5837992842607295e-01    1.4975877037528327e-05
   368.00   162.302    4.5837976051456625e-01    1.2150064038295261e-05
   372.00   163.956    4.5837875566777186e-01    1.3522739411208275e-05
   376.00   165.574    4.5837860657335544e-01    1.2370988061172043e-05
   380.00   167.203    4.5837795066403325e-01    1.2497820660018002e-05
   384.00   168.934    4.5837784894629557e-01    9.3767546578949647e-06
   388.00   170.560    4.5837742900793454e-01    1.0226678497360120e-05
   392.00   172.183    4.5837734722128259e-01    8.9208430255628635e-06
   396.00   173.935    4.5837702905190381e-01    9.9489704161957427e-06
   400.00   175.634    4.5837696133884837e-01    9.3802263146272880e-06
   404.00   177.611    4.5837672615560338e-01    7.7274475983873558e-06
   408.00   179.357    4.5837667607753735e-01    5.9785689472632908e-06
   412.00   181.032    4.5837648184349672e-01    8.9121619178016919e-06
   416.00   182.729    4.5837641308943311e-01    7.3248514031537144e-06
   420.00   184.370    4.5837630298356108e-01    6.2636588840977986e-06
   424.00   186.020    4.5837622048137133e-01    4.4337184024692097e-06
   428.00   187.662    4.5837616287261840e-01    4.2197326731679478e-06
   432.00   189.311    4.5837608363832150e-01    4.3346247172984111e-06
   436.00   190.938    4.5837605040873908e-01    3.3944439324826815e-06
   440.00   192.568    4.5837598384469203e-01    4.8285603097937967e-06
   444.00   194.200    4.5837596224601973e-01    2.7151771058629128e-06
   448.00   195.829    4.5837590928586308e-01    2.8107286276443115e-06
   452.00   197.458    4.5837589593098005e-01    2.4149051458898296e-06
   456.00   199.086    4.5837585758977095e-01    2.4205885039869874e-06
   460.00   200.749    4.5837584957043914e-01    2.3265074990310330e-06
   464.00   202.378    4.5837581723999749e-01    2.3847043313577469e-06
   468.00   204.007    4.5837581255351978e-01    2.0611978998846382e-06
   472.00   205.663    4.5837578233908732e-01    2.3474070343614515e-06
   476.00   207.301    4.5837577924630996e-01    1.9199973242252666e-06
   480.00   208.935    4.5837575658664703e-01    2.7888640822375017e-06
   484.00   210.594    4.5837575368538808e-01    1.9569984603947110e-06
   488.00   212.229    4.5837573429262563e-01    2.7113058241843149e-06
   492.00   213.870    4.5837573047983143e-01    1.5205950041258083e-06
   496.00   215.508    4.5837571680964895e-01    2.2040904138010023e-06
   500.00   217.158    4.5837571073500832e-01    2.1025427698842666e-06
   504.00   218.832    4.5837570139938971e-01    1.8036285152689177e-06
   508.00   220.518    4.5837569437507891e-01    1.4484681989862562e-06
   512.00   222.137    4.5837568815069213e-01    1.9146348655341364e-06
   516.00   223.781    4.5837567885271624e-01    1.2994899514275514e-06
   520.00   225.425    4.5837567498294596e-01    1.2196530409550231e-06
   524.00   227.050    4.5837566012391917e-01    1.5424344289300110e-06
   528.00   228.690    4.5837565821696841e-01    1.2197353643324032e-06
   532.00   230.330    4.5837564404715325e-01    1.7924202241970350e-06
   536.00   232.000    4.5837564272895964e-01    1.1660186553663510e-06
   540.00   233.676    4.5837563096126988e-01    1.3437795656306915e-06
   544.00   235.355    4.5837562858665704e-01    1.2868316277981938e-06
   548.00   237.004    4.5837562011354149e-01    1.6600043608596744e-06
   552.00   238.659    4.5837561596409687e-01    1.4861059512285419e-06
   556.00   240.317    4.5837561053648279e-01    1.1101210112333176e-06
   560.00   241.985    4.5837560539983502e-01    1.4281930100088062e-06
   564.00   243.627    4.5837560208649442e-01    1.0835255958700171e-06
   568.00   245.321    4.5837559651425164e-01    1.1704469125808613e-06
   572.00   247.014    4.5837559490098395e-01    7.4306328482578887e-07
   576.00   248.775    4.5837558969197156e-01    1.2151190449431310e-06
   580.00   250.557    4.5837558900738701e-01    6.5587949490001389e-07
   584.00   252.319    4.5837558405292489e-01    1.2999837147861771e-06
   588.00   254.041    4.5837558361441033e-01    7.1278839157872934e-07
   592.00   255.810    4.5837557984264038e-01    1.2538027557055515e-06
   596.00   257.539    4.5837557919350869e-01    6.0096773048002298e-07
   600.00   259.186    4.5837557674071594e-01    9.2656038998861889e-07
   604.00   260.883    4.5837557573304760e-01    6.2849353302205720e-07
   608.00   262.622    4.5837557457853245e-01    6.9608555062281770e-07
   612.00   264.332    4.5837557313899924e-01    4.0236230041188458e-07
   616.00   266.116    4.5837557274104607e-01    3.7414019175647395e-07
   620.00   267.849    4.5837557119440914e-01    5.1118907921943009e-07
   624.00   269.588    4.5837557105139909e-01    3.4459237625673688e-07
   628.00   271.309    4.5837556995400069e-01    5.4228952391216606e-07
   632.00   273.098    4.5837556986355499e-01    3.1781474685917482e-07
   636.00   274.862    4.5837556907001031e-01    6.1411095246036209e-07
   640.00   276.573    4.5837556886091135e-01    3.5817752524941596e-07
   644.00   278.354    4.5837556842999838e-01    5.3617303913309723e-07
   648.00   280.100    4.5837556810943747e-01    3.6284099467263902e-07
   652.00   281.830    4.5837556790968204e-01    2.9023581122989288e-07
   656.00   283.522    4.5837556748720931e-01    2.2389003666177705e-07
   660.00   285.164    4.5837556740667956e-01    2.7613434257372056e-07
   664.00   286.857    4.5837556703468119e-01    2.1465352084252820e-07
   668.00   288.607    4.5837556699793675e-01    1.9384579331341568e-07
   672.00   290.283    4.5837556667229912e-01    3.0289154682331685e-07
   676.00   291.929    4.5837556664073420e-01    1.4679022592346055e-07
   680.00   293.562    4.5837556643548510e-01    2.3455000753899996e-07
   684.00   295.257    4.5837556637423538e-01    1.6537201450854530e-07
   688.00   296.888    4.5837556626536374e-01    1.5792894076368687e-07
   692.00   298.601    4.5837556614938108e-01    1.2669914824961920e-07
   696.00   300.290    4.5837556611026586e-01    1.4438200800522853e-07
   700.00   301.937    4.5837556598243001e-01    1.3547303990699647e-07
   704.00   303.636    4.5837556596784074e-01    1.0412556321291027e-07
   708.00   305.381    4.5837556586460815e-01    1.9835430522960681e-07
   712.00   307.057    4.5837556585448702e-01    1.0269510534611984e-07
   716.00   308.796    4.5837556576928978e-01    1.5083745627489351e-07
   720.00   310.509    4.5837556575729232e-01    8.7217848718540099e-08
   724.00   312.168    4.5837556570894683e-01    1.2950932218081626e-07
   728.00   313.874    4.5837556569031862e-01    8.5432966515131243e-08
   732.00   315.603    4.5837556566728932e-01    1.1675782524814380e-07
   736.00   317.282    4.5837556564368381e-01    9.1375790951525568e-08
   740.00   318.940    4.5837556563509207e-01    4.7101610970945882e-08
   744.00   320.691    4.5837556561176623e-01    7.5919679837626389e-08
   748.00   322.477    4.5837556560891995e-01    4.6620989229033385e-08
   752.00   324.165    4.5837556559059278e-01    8.3958073262088475e-08
   756.00   325.900    4.5837556558941428e-01    2.9104531894922854e-08
   760.00   327.588    4.5837556557810838e-01    9.3608936571959693e-08
   764.00   329.395    4.5837556557591624e-01    3.3652386136343360e-08
   768.00   331.203    4.5837556556950743e-01    6.8398793912414963e-08
   772.00   332.877    4.5837556556575670e-01    2.9441194164000899e-08
   776.00   334.581    4.5837556556282433e-01    4.9085740893701210e-08
   780.00   336.276    4.5837556555848002e-01    2.4393054891401045e-08
   784.00   337.954    4.5837556555758979e-01    2.0101620700646306e-08
   788.00   339.613    4.5837556555429471e-01    2.4517858390323154e-08
   792.00   341.331    4.5837556555398656e-01    1.8661860968101544e-08
   796.00   343.026    4.5837556555170644e-01    2.6768360709509049e-08
   800.00   344.719    4.5837556555152031e-01    1.7262563360671887e-08
   804.00   346.387    4.5837556555014292e-01    2.5008249345115751e-08
   808.00   348.087    4.5837556554984149e-01    1.5832422754757920e-08
   812.00   349.760    4.5837556554910031e-01    2.0104027676370391e-08
   816.00   351.426    4.5837556554868925e-01    1.0927673316461748e-08
   820.00   353.107    4.5837556554835868e-01    1.3580708593716674e-08
   824.00   354.839    4.5837556554787295e-01    1.2252046609059138e-08
   828.00   356.576    4.5837556554777775e-01    7.2713291095400362e-09
   832.00   358.266    4.5837556554740105e-01    6.4788779227212622e-09
   836.00   359.961    4.5837556554738002e-01    4.9306086004356237e-09
   840.00   361.641    4.5837556554712100e-01    7.5368260826143004e-09
   844.00   363.276    4.5837556554709413e-01    5.2523277492295945e-09
   848.00   364.948    4.5837556554694781e-01    6.7378936452349704e-09
   852.00   366.597    4.5837556554688863e-01    4.2904935347404054e-09
   856.00   368.228    4.5837556554682612e-01    5.0547028400091571e-09
   860.00   369.904    4.5837556554674858e-01    3.6226637233036688e-09
   864.00   371.550    4.5837556554670555e-01    3.2838712247982826e-09
   868.00   373.200    4.5837556554663911e-01    2.7107423009078133e-09
   872.00   374.828    4.5837556554660519e-01    2.9104744168670431e-09
   876.00   376.483    4.5837556554656195e-01    3.5636891427740222e-09
   880.00   378.171    4.5837556554655950e-01    2.5754047194163343e-09
   884.00   379.849    4.5837556554652958e-01    3.3397432862562631e-09
   888.00   381.496    4.5837556554651743e-01    2.0851216850593604e-09
   892.00   383.134    4.5837556554651759e-01    2.1665749970141450e-09
   896.00   384.883    4.5837556554649272e-01    2.1658259313899856e-09
   900.00   386.551    4.5837556554648912e-01    1.5148695206001593e-09
   904.00   388.186    4.5837556554645614e-01    1.6113749278359535e-09
   908.00   389.842    4.5837556554647918e-01    1.3232338075312377e-09
   912.00   391.518    4.5837556554643905e-01    1.9535245270864869e-09
   916.00   393.185    4.5837556554644959e-01    1.0909171402347446e-09
   920.00   394.881    4.5837556554644449e-01    1.8711945572623867e-09
   924.00   396.526    4.5837556554644654e-01    1.0857241969149558e-09
   928.00   398.162    4.5837556554642161e-01    1.0782729891672319e-09
   932.00   399.786    4.5837556554643949e-01    6.7006173454042221e-10
