    epoch   elapsed                       val                 norm_grad
     0.00     0.000    6.9314718056034186e-01    5.2176663807185024e-04
     1.00     6.317    6.9757447035093756e-01    5.1127152806968853e-03
     2.00    12.154    6.9963760224974370e-01    9.2438468896097400e-03
     3.00    17.965    6.9548911594414786e-01    5.2775487988558460e-03
     4.00    23.760    6.9422095251675775e-01    2.0339201976189237e-03
     5.00    29.553    6.9506436366380364e-01    4.2001371811732600e-03
     6.00    35.506    6.9436465738746977e-01    2.6978438037843478e-03
     7.00    41.353    6.9458440751135009e-01    4.1172661368233101e-03
     8.00    47.161    6.9393634500849433e-01    3.9904733399624805e-03
     9.00    52.985    6.9393491151672682e-01    2.8598334028133755e-03
    10.00    58.830    6.9323763865356780e-01    1.0991999050988107e-03
    11.00    64.712    6.9336158133931092e-01    2.6933785011066217e-03
    12.00    70.594    6.9344001693266155e-01    2.2951517161922345e-03
    13.00    76.451    6.9308764972811232e-01    1.2701454963391662e-03
    14.00    82.259    6.9333373181707214e-01    2.2715307955612635e-03
    15.00    88.183    6.9320891371149129e-01    1.8393681408751101e-03
    16.00    94.089    6.9312946972256184e-01    1.5572655993962990e-03
    17.00   100.084    6.9321834681398620e-01    2.2103965709031484e-03
    18.00   106.081    6.9403924768764758e-01    4.9293525041113426e-03
    19.00   111.891    6.9297813951258047e-01    1.3449578745988284e-03
    20.00   117.708    6.9292661475826489e-01    1.6399418872326470e-03
    21.00   123.531    6.9331807529059652e-01    3.0592128976242227e-03
    22.00   129.929    6.9282074686110806e-01    8.9971400637472976e-04
    23.00   135.970    6.9309605908851890e-01    2.2502522441018042e-03
    24.00   141.892    6.9293892838616555e-01    2.0183418095829665e-03
    25.00   147.701    6.9298590390028647e-01    2.1254887400586125e-03
    26.00   153.554    6.9285593345103558e-01    1.0622264191144949e-03
    27.00   159.367    6.9326529356222943e-01    3.0516336945689512e-03
    28.00   165.174    6.9302430906371359e-01    2.1517259172098252e-03
    29.00   171.082    6.9282080956903958e-01    1.5141253295562235e-03
    30.00   177.091    6.9317422247441729e-01    3.3943010042311850e-03
    31.00   183.074    6.9281890834402793e-01    9.7832899192655488e-04
    32.00   189.066    6.9329341923858445e-01    3.4646462719759171e-03
    33.00   195.066    6.9282252625068896e-01    1.2289753553974023e-03
    34.00   201.074    6.9284097672617995e-01    1.8307599464643311e-03
    35.00   207.139    6.9279759993798584e-01    1.0808431343738364e-03
    36.00   213.174    6.9266356199428891e-01    6.4187385896783702e-04
    37.00   219.164    6.9277554549192510e-01    1.3838092409963487e-03
    38.00   225.173    6.9272129048415776e-01    8.2584469312122378e-04
    39.00   231.160    6.9274541147100455e-01    1.0526073795068145e-03
    40.00   237.188    6.9277286176088426e-01    1.3431337371550575e-03
    41.00   243.260    6.9275182883881437e-01    1.1559694990994321e-03
    42.00   249.119    6.9290938617206499e-01    2.4647193374698253e-03
    43.00   254.984    6.9300437186790453e-01    2.4068275030242228e-03
    44.00   260.775    6.9272285525149924e-01    1.1864732925518297e-03
    45.00   266.737    6.9268309602129419e-01    9.5440090029669949e-04
    46.00   272.731    6.9272983214310946e-01    1.3215485996646212e-03
    47.00   278.804    6.9270466726938651e-01    1.1711123880519658e-03
    48.00   284.724    6.9268265568506260e-01    1.0063628834447167e-03
    49.00   290.549    6.9272216641479334e-01    8.8976950599222164e-04
    50.00   296.409    6.9296220943382891e-01    2.7335562848898216e-03
    51.00   302.294    6.9278460286040910e-01    1.7995237160838419e-03
    52.00   308.270    6.9267719051830667e-01    9.2162537304177154e-04
    53.00   314.268    6.9288251578003468e-01    2.1622003859070229e-03
    54.00   320.086    6.9263594417790331e-01    4.9636661382338636e-04
    55.00   325.869    6.9269219103821478e-01    1.4187250920648931e-03
    56.00   331.657    6.9266660948967251e-01    9.7339843467594302e-04
    57.00   337.450    6.9288581379805525e-01    2.1184794033778241e-03
    58.00   343.241    6.9268323942198196e-01    1.0641377593606045e-03
    59.00   349.040    6.9274906825074700e-01    1.5154310917549238e-03
    60.00   354.842    6.9275692604729933e-01    1.7388437655988514e-03
    61.00   360.633    6.9269979569968065e-01    1.2926202091988431e-03
    62.00   366.499    6.9268753060262600e-01    1.2401604840471651e-03
    63.00   372.456    6.9260813006198152e-01    5.4031367756694315e-04
    64.00   378.371    6.9281157608364885e-01    1.8797091371623169e-03
    65.00   384.295    6.9268370190606798e-01    1.2139818720296803e-03
    66.00   390.703    6.9291744437942582e-01    2.4835265555208678e-03
    67.00   396.577    6.9264429305491837e-01    1.0160124291101525e-03
    68.00   402.469    6.9268442203407121e-01    1.2098978916980623e-03
    69.00   408.334    6.9264842615128663e-01    1.0594486427054656e-03
    70.00   414.320    6.9259881842110937e-01    6.1707339540328053e-04
    71.00   420.144    6.9262321772993996e-01    6.5510305152244840e-04
    72.00   425.982    6.9262661495213895e-01    7.8892073380471505e-04
    73.00   431.812    6.9275158862078645e-01    1.7701684405538804e-03
    74.00   437.646    6.9269190086832377e-01    1.5377967734747078e-03
    75.00   443.454    6.9267421337012536e-01    1.4926986305654887e-03
    76.00   449.294    6.9270248378812871e-01    1.1325584116838223e-03
    77.00   455.231    6.9279902065137389e-01    2.1459988370152072e-03
    78.00   461.134    6.9268736133511433e-01    1.6393388053496821e-03
    79.00   466.929    6.9258616131282269e-01    5.8850185804997846e-04
    80.00   472.748    6.9259981564816275e-01    5.8411983167938185e-04
    81.00   478.566    6.9281271268979872e-01    2.1376441429388402e-03
    82.00   484.361    6.9268364090690826e-01    1.5763135647695178e-03
    83.00   490.173    6.9267907866883738e-01    1.4139329894518676e-03
    84.00   495.977    6.9260085219931888e-01    8.7712400108624976e-04
    85.00   501.826    6.9271285630587498e-01    1.6117872434484458e-03
    86.00   507.645    6.9263964441198300e-01    1.1008594995922118e-03
    87.00   513.460    6.9302911650904586e-01    3.2164572955936535e-03
    88.00   519.278    6.9259795918895284e-01    6.8975952675524139e-04
    89.00   525.146    6.9257929374990523e-01    6.4786148505143208e-04
    90.00   531.029    6.9260702277373931e-01    9.7413909501241965e-04
    91.00   536.914    6.9266833977842301e-01    1.3050321651619941e-03
    92.00   542.790    6.9281092746409434e-01    2.2200287006340930e-03
    93.00   548.673    6.9258375981852227e-01    5.9226971937615747e-04
    94.00   554.549    6.9264920392222129e-01    1.4310834110826407e-03
    95.00   560.397    6.9262270989122954e-01    9.7029277954183276e-04
    96.00   566.270    6.9263508706997789e-01    1.1580521335969895e-03
    97.00   572.101    6.9284404745986428e-01    2.5761766162703341e-03
    98.00   577.915    6.9262173110112213e-01    1.1323922958412598e-03
    99.00   583.801    6.9256980185087114e-01    5.0486995295434089e-04
   100.00   589.683    6.9257422862121076e-01    5.2886057341051940e-04
   101.00   595.560    6.9262996713691061e-01    1.1981077290964042e-03
   102.00   601.432    6.9259216811376023e-01    8.4271551904478031e-04
   103.00   607.298    6.9256298549355044e-01    4.4264968785894898e-04
   104.00   613.183    6.9260816078771881e-01    9.2998575404953368e-04
   105.00   619.045    6.9271882965535281e-01    1.9461060585297108e-03
   106.00   624.882    6.9255166807799851e-01    3.9192632747657604e-04
   107.00   630.709    6.9256940575634285e-01    5.2215020831493180e-04
   108.00   636.519    6.9265126749205308e-01    1.4700472961023793e-03
   109.00   642.359    6.9258080206400419e-01    5.9877263577961257e-04
   110.00   648.176    6.9267687666485556e-01    1.5816830977985340e-03
   111.00   653.988    6.9261025167677726e-01    1.0070898584282994e-03
   112.00   659.808    6.9256865846200433e-01    5.2584384869864176e-04
   113.00   665.618    6.9259137512981905e-01    9.9049890810781619e-04
   114.00   671.416    6.9257526051688900e-01    6.0986008322096716e-04
   115.00   677.239    6.9259729101906164e-01    1.0164967539010627e-03
   116.00   683.060    6.9267590502999465e-01    1.6721819843939524e-03
   117.00   688.875    6.9265113987982085e-01    1.4396738512941596e-03
   118.00   694.698    6.9271390279466460e-01    1.8339888123840929e-03
   119.00   700.501    6.9257240058895098e-01    6.8884552353567835e-04
   120.00   706.308    6.9260764617514181e-01    1.2724093982886900e-03
   121.00   712.110    6.9258480531086619e-01    8.1395511475140412e-04
   122.00   717.940    6.9258985157905739e-01    8.2522820678964867e-04
   123.00   723.754    6.9261582647133924e-01    1.3236788135596697e-03
   124.00   729.565    6.9265081981462184e-01    1.5047422614578550e-03
   125.00   735.367    6.9255093243097055e-01    5.2311137675693515e-04
   126.00   741.247    6.9259072926833243e-01    9.4631746006585175e-04
   127.00   747.083    6.9256204011562861e-01    6.1914887474913308e-04
   128.00   752.970    6.9259379190692505e-01    1.1136630004880705e-03
   129.00   758.834    6.9264220261279785e-01    1.4603706732379954e-03
   130.00   764.700    6.9255113313606276e-01    5.0073500274212931e-04
   131.00   770.569    6.9260981178500847e-01    1.0584900659075275e-03
