    epoch   elapsed                       val                 norm_grad
     0.00     0.000    6.9314718055994529e-01    2.7192209455226397e-02
     0.11     0.043    6.1441493477860465e-01    1.6552044858045831e-02
     0.21     0.101    5.6885714950236899e-01    2.1108205760245538e-02
     0.30     0.151    5.4013823931117211e-01    9.8047751577905774e-03
     0.41     0.208    5.2961696619980569e-01    1.3937064652976002e-02
     0.50     0.258    5.2197585388878887e-01    1.6250220435830475e-02
     0.61     0.311    5.1886579571298397e-01    2.2251050154614054e-03
     0.71     0.364    5.1687923759712040e-01    1.9682863514801472e-03
     0.80     0.408    5.1669150791609253e-01    1.0481723403913414e-03
     0.91     0.466    5.1655711210065247e-01    1.4229766529184589e-03
     1.00     0.507    5.1645805442903081e-01    1.0709061631076519e-03
     1.11     0.556    5.1642945203475332e-01    6.2517824572935711e-04
     1.21     0.603    5.1642418647901855e-01    6.3055116202047226e-04
     1.30     0.659    5.1639172749384943e-01    4.8017339025912181e-04
     1.41     0.722    5.1630564080026531e-01    4.7615958799998690e-04
     1.51     0.786    5.1597810498354824e-01    4.8709965315545779e-04
     1.61     0.832    5.1579129177298011e-01    7.6925217321182574e-04
     1.71     0.896    5.1532988972562899e-01    9.6146098686461642e-04
     1.80     0.954    5.1507192064582241e-01    1.0335226702406243e-03
     1.91     1.017    5.1485001377378525e-01    9.3631961905535366e-04
     2.00     1.059    5.1475588244347337e-01    6.4598200797895151e-04
     2.11     1.106    5.1473503099273343e-01    5.6854830424693829e-04
     2.21     1.154    5.1471537771706843e-01    6.1698283058154264e-04
     2.30     1.200    5.1470959310983622e-01    1.3453485141638453e-03
     2.41     1.247    5.1470847095353500e-01    1.0182479874865115e-03
     2.50     1.289    5.1469920000482772e-01    7.0207024366197336e-04
     2.61     1.339    5.1469531249369738e-01    7.8743633939065195e-04
     2.71     1.402    5.1468706469514447e-01    5.2148230516514454e-04
     2.80     1.457    5.1468352204547174e-01    3.1307015618542682e-04
     2.91     1.516    5.1468135708916030e-01    2.9876275585297504e-04
     3.01     1.575    5.1467994979753384e-01    4.9597675418541504e-04
     3.11     1.618    5.1467949732207008e-01    4.5870271888870243e-04
     3.21     1.675    5.1467677776495291e-01    6.7602480113615178e-04
     3.30     1.723    5.1467446232231984e-01    7.7467088815275499e-04
     3.41     1.775    5.1467025890712692e-01    7.5158445309703582e-04
     3.50     1.817    5.1466685579807014e-01    3.8921330061252735e-04
     3.61     1.870    5.1466577903938793e-01    4.2271237719096461e-04
     3.71     1.918    5.1466326080378844e-01    3.8150163398186556e-04
     3.80     1.960    5.1466185388691732e-01    3.0665442313060825e-04
     3.91     2.011    5.1466016181076657e-01    3.2812668858985921e-04
     4.00     2.065    5.1465499942494897e-01    3.1452624123916144e-04
     4.11     2.129    5.1464846317435531e-01    2.7657664945730012e-04
     4.21     2.190    5.1464010527521353e-01    2.7030122542633366e-04
     4.30     2.248    5.1462639548350886e-01    2.5845042868150806e-04
     4.41     2.305    5.1460866049186493e-01    2.4109321497507637e-04
     4.50     2.360    5.1459014927125668e-01    3.8689015071035222e-04
     4.61     2.417    5.1457772260146628e-01    4.4416990887509265e-04
     4.71     2.476    5.1455622672705792e-01    4.5910048828888490e-04
     4.80     2.534    5.1453319399015240e-01    3.8221309443929358e-04
     4.91     2.596    5.1450086919433602e-01    4.5576333705494622e-04
     5.00     2.644    5.1447192236723205e-01    4.4850455808605812e-04
     5.11     2.709    5.1443600313355797e-01    2.0523265312834155e-04
     5.21     2.764    5.1440403837055670e-01    6.6404711416726220e-04
     5.30     2.813    5.1439631739147007e-01    6.1508759783688454e-04
     5.41     2.864    5.1438806190122122e-01    5.9383475651501676e-04
     5.51     2.922    5.1437234516437602e-01    5.2408413822069820e-04
     5.61     2.970    5.1435494873213072e-01    4.3693523374649325e-04
     5.71     3.027    5.1433779487066866e-01    3.5322241374536987e-04
     5.80     3.083    5.1430485462849518e-01    2.6258885147491256e-04
     5.91     3.151    5.1427377102955929e-01    3.6450863293164680e-04
     6.01     3.210    5.1423839842332186e-01    4.8635099035345964e-04
     6.11     3.262    5.1419874810195887e-01    7.0325671580578463e-04
     6.21     3.323    5.1415350210086230e-01    5.9467412678440264e-04
     6.30     3.374    5.1411292415346321e-01    4.9677585581562645e-04
     6.41     3.441    5.1407488159261994e-01    3.1644157351746690e-04
     6.51     3.502    5.1405471415769821e-01    2.2244275228290415e-04
     6.61     3.559    5.1403458299914617e-01    2.1518671225385772e-04
     6.71     3.627    5.1400673373923689e-01    2.5191376019479669e-04
     6.80     3.676    5.1398424201265258e-01    4.1139138561990785e-04
     6.91     3.736    5.1396121524336036e-01    4.3171964080658190e-04
     7.00     3.795    5.1394609212340503e-01    3.5717548638901364e-04
     7.11     3.855    5.1393443639365688e-01    3.5360719390374362e-04
     7.21     3.923    5.1393302420463438e-01    7.6849677064919682e-04
     7.30     3.974    5.1393120419210236e-01    4.6706267412876856e-04
     7.41     4.044    5.1391167642039082e-01    2.4848863869887829e-04
     7.50     4.095    5.1390860560333507e-01    4.4656214609608392e-04
     7.61     4.166    5.1390890192885663e-01    6.7648511430562887e-04
     7.71     4.234    5.1390281693717810e-01    6.3481536517489558e-04
     7.80     4.297    5.1389750426561220e-01    5.3642670465346210e-04
     7.91     4.368    5.1389129362190256e-01    2.4117032930113361e-04
     8.00     4.424    5.1388815388413112e-01    2.9502565056696437e-04
     8.11     4.491    5.1388513093015009e-01    2.1728037524057774e-04
     8.21     4.556    5.1388116829527097e-01    2.6621583270384477e-04
     8.30     4.612    5.1388021586613541e-01    4.5368581359088114e-04
     8.41     4.676    5.1387510869244213e-01    5.0843571024741818e-04
     8.50     4.735    5.1386906104110053e-01    3.7467474551925351e-04
     8.61     4.800    5.1386588460517957e-01    4.0144819606919825e-04
     8.71     4.862    5.1386350968762229e-01    3.2818320090378413e-04
     8.80     4.919    5.1386102643836995e-01    2.9740580123003608e-04
     8.91     4.987    5.1385968291387008e-01    1.9432562884522824e-04
     9.00     5.048    5.1385934731956961e-01    1.4056852297555876e-04
     9.11     5.113    5.1385715497727447e-01    1.6113859562544685e-04
     9.21     5.177    5.1385714556261153e-01    3.3688239454925497e-04
     9.30     5.232    5.1385751678988989e-01    4.2687695808099916e-04
     9.41     5.298    5.1385754688821217e-01    3.3595387784093980e-04
     9.50     5.347    5.1385363496255332e-01    2.4885912464619076e-04
     9.61     5.415    5.1385229175032998e-01    1.1336073251783709e-04
     9.71     5.480    5.1385257352824520e-01    1.2286566851782885e-04
     9.80     5.539    5.1385198892843054e-01    1.8051681253716549e-04
     9.91     5.611    5.1385222353253213e-01    1.9412966555311059e-04
    10.00     5.668    5.1385233912078276e-01    1.5876091778409225e-04
    10.11     5.741    5.1385161183082240e-01    1.4903348919536374e-04
    10.21     5.830    5.1385001175057199e-01    1.0000867863343330e-04
    10.30     5.897    5.1384977573981083e-01    7.5476452159828941e-05
    10.41     5.961    5.1385074845792411e-01    1.0833033285458085e-04
    10.50     6.022    5.1385070140125799e-01    1.0905906719146978e-04
    10.61     6.087    5.1384925631989897e-01    1.3362814514618834e-04
    10.71     6.158    5.1384926443726997e-01    1.1406665819004556e-04
    10.80     6.217    5.1384936712066165e-01    9.5603534982757190e-05
    10.91     6.285    5.1384896876116337e-01    9.6003981400242928e-05
    11.01     6.356    5.1384846009071161e-01    6.6061712159597762e-05
    11.11     6.414    5.1384838839511260e-01    8.1618411971867214e-05
    11.21     6.487    5.1384779009227677e-01    1.0092266546523777e-04
    11.30     6.546    5.1384780741128189e-01    1.1925086620723661e-04
    11.41     6.607    5.1384763515775278e-01    1.2593570897639767e-04
    11.51     6.667    5.1384745685781996e-01    1.2402218508722080e-04
    11.61     6.742    5.1384734106773433e-01    6.8865890555360913e-05
    11.71     6.811    5.1384705047559975e-01    4.0458361334261162e-05
    11.80     6.865    5.1384681194646586e-01    4.3573398678764153e-05
    11.91     6.932    5.1384671329530041e-01    7.6508410447926630e-05
    12.01     6.992    5.1384665343275149e-01    9.8017061482654573e-05
    12.11     7.053    5.1384668041109427e-01    8.7943548029472085e-05
    12.21     7.124    5.1384656920269245e-01    8.2428207575301244e-05
    12.30     7.183    5.1384657147415258e-01    6.9732730063281316e-05
    12.41     7.252    5.1384640721732056e-01    2.7991540032198257e-05
    12.51     7.326    5.1384641540073617e-01    6.4713640607245122e-05
    12.61     7.388    5.1384630702026590e-01    6.2036023056357036e-05
    12.71     7.455    5.1384629795772685e-01    5.9098770580813360e-05
    12.80     7.522    5.1384621531109187e-01    2.5914689760097735e-05
    12.91     7.592    5.1384624025846359e-01    2.3655090439557678e-05
    13.01     7.665    5.1384617157441081e-01    2.5475655355216332e-05
    13.11     7.725    5.1384617601552152e-01    4.2741086899553399e-05
    13.21     7.792    5.1384622592810481e-01    4.8421357083630869e-05
    13.30     7.851    5.1384616579869902e-01    4.1801403795240600e-05
    13.41     7.928    5.1384617281075118e-01    3.9284873731193826e-05
    13.50     8.000    5.1384614732066758e-01    1.1589394616732602e-05
    13.61     8.080    5.1384613281537106e-01    2.5594641197113873e-05
    13.71     8.145    5.1384615241666065e-01    4.7896508424089020e-05
    13.80     8.204    5.1384614546490115e-01    3.4958473416406744e-05
    13.91     8.272    5.1384614454896782e-01    3.6418576463562455e-05
    14.00     8.334    5.1384612839997201e-01    2.0428259920038351e-05
    14.11     8.425    5.1384610390787244e-01    1.4323867834259875e-05
    14.21     8.504    5.1384609755296684e-01    8.6211132930592425e-06
    14.30     8.571    5.1384610007465337e-01    1.6143300013090449e-05
    14.41     8.640    5.1384609099645440e-01    6.8350738347890990e-06
    14.50     8.701    5.1384608926591080e-01    7.8494420989694027e-06
    14.61     8.771    5.1384608820337052e-01    4.9824695006874723e-06
    14.71     8.846    5.1384608468819126e-01    6.2650021883358096e-06
    14.80     8.900    5.1384607832578399e-01    7.8276190816474672e-06
    14.91     8.967    5.1384607961085482e-01    1.6093094076386824e-05
    15.00     9.026    5.1384607476847066e-01    7.4964139617094029e-06
    15.11     9.104    5.1384607308984154e-01    1.1235945408632036e-05
    15.21     9.172    5.1384606876478189e-01    6.7741670081447537e-06
    15.30     9.233    5.1384606891872764e-01    6.4625606770366826e-06
    15.41     9.309    5.1384606842499769e-01    6.1993837774562088e-06
    15.50     9.374    5.1384606345019812e-01    4.6917780307709438e-06
    15.61     9.441    5.1384606040494851e-01    5.4621325074245643e-06
    15.71     9.515    5.1384605891279056e-01    3.9927471340407067e-06
    15.80     9.580    5.1384605796927030e-01    9.8757524327192510e-06
    15.91     9.652    5.1384605776331604e-01    7.4610723634909795e-06
    16.00     9.719    5.1384605790552262e-01    6.2736239815499489e-06
    16.11     9.788    5.1384605681161810e-01    5.9912179027407018e-06
    16.21     9.862    5.1384605503103475e-01    4.5583018039456656e-06
    16.30     9.923    5.1384605351809198e-01    2.2326256439418540e-06
    16.41     9.991    5.1384605344804457e-01    3.4447891483898711e-06
    16.50    10.049    5.1384605344937051e-01    4.4013990124418371e-06
    16.61    10.122    5.1384605298548880e-01    2.3698250769594008e-06
    16.71    10.193    5.1384605303392583e-01    3.3078549252617882e-06
    16.80    10.253    5.1384605221149349e-01    2.4428247316896040e-06
    16.91    10.323    5.1384605182422016e-01    4.4602131695535647e-06
    17.00    10.380    5.1384605111833126e-01    1.7790133442349389e-06
    17.11    10.448    5.1384605082221235e-01    1.9794200378502447e-06
    17.21    10.519    5.1384605087330570e-01    1.7716720164488216e-06
    17.30    10.581    5.1384605052242682e-01    2.8293254735940476e-06
    17.41    10.650    5.1384604988433924e-01    2.0507990207093005e-06
    17.50    10.715    5.1384604970466596e-01    1.6221714798939868e-06
    17.61    10.782    5.1384604908564158e-01    1.3707616204579140e-06
    17.71    10.854    5.1384604857326577e-01    1.0690714578328870e-06
    17.80    10.914    5.1384604807474576e-01    1.1341362380628590e-06
    17.91    10.980    5.1384604775028109e-01    2.7581263333322864e-06
    18.00    11.044    5.1384604720127203e-01    1.1447662945766481e-06
    18.11    11.106    5.1384604704880465e-01    2.7478123747802024e-06
    18.21    11.176    5.1384604657945365e-01    1.3009942671376056e-06
    18.30    11.240    5.1384604636842324e-01    1.0185821404353892e-06
    18.41    11.307    5.1384604607976114e-01    1.4053524600904598e-06
    18.50    11.360    5.1384604593076022e-01    2.6558443033538619e-06
    18.61    11.430    5.1384604594204097e-01    1.5684736298620456e-06
    18.71    11.498    5.1384604565305481e-01    3.0825423032599751e-06
    18.80    11.553    5.1384604562075231e-01    7.0904356467567285e-07
    18.91    11.625    5.1384604567905501e-01    1.2114656805899883e-06
    19.00    11.690    5.1384604557370839e-01    1.0208762910084114e-06
    19.11    11.762    5.1384604547998358e-01    2.1490437596125625e-06
    19.21    11.833    5.1384604547704271e-01    1.8362006758474187e-06
    19.30    11.895    5.1384604551386859e-01    3.2922867055987919e-06
    19.41    11.960    5.1384604534658374e-01    4.9850171766924344e-07
    19.50    12.019    5.1384604535433731e-01    1.5784167136786250e-06
    19.61    12.091    5.1384604534601797e-01    2.3140269541909699e-06
    19.71    12.167    5.1384604533305356e-01    1.1262912666685758e-06
    19.80    12.229    5.1384604528785194e-01    1.4613727168532097e-06
    19.91    12.291    5.1384604525087085e-01    7.9724209587106485e-07
    20.00    12.348    5.1384604523439259e-01    6.1695240399770413e-07
    20.11    12.418    5.1384604519570320e-01    1.0303656074808815e-06
    20.21    12.487    5.1384604519589550e-01    1.4949823972355832e-06
    20.30    12.548    5.1384604523817745e-01    1.9356568629795288e-06
    20.41    12.616    5.1384604515605803e-01    9.5794287890541435e-07
    20.50    12.676    5.1384604514806975e-01    8.3935610157265342e-07
    20.61    12.746    5.1384604514682297e-01    3.5455382602613024e-07
    20.71    12.815    5.1384604512722309e-01    2.4059126858228349e-07
    20.80    12.875    5.1384604511687382e-01    5.6261918252225832e-07
    20.91    12.945    5.1384604512268084e-01    8.8836468042394362e-07
    21.00    13.007    5.1384604511249898e-01    6.9045496367898309e-07
    21.11    13.075    5.1384604511423171e-01    2.3406448096404178e-07
    21.21    13.144    5.1384604511512511e-01    2.3049175173829736e-07
    21.30    13.203    5.1384604512335741e-01    2.8584775878847216e-07
    21.41    13.272    5.1384604510112497e-01    3.9611547782697312e-07
    21.51    13.347    5.1384604509688681e-01    2.8914831854699742e-07
    21.61    13.401    5.1384604509891263e-01    2.1107639969749693e-07
    21.71    13.470    5.1384604509771592e-01    1.9839224883242234e-07
    21.80    13.536    5.1384604509549625e-01    2.7492161529033352e-07
    21.91    13.612    5.1384604509475684e-01    2.4711769221126256e-07
    22.01    13.677    5.1384604509472909e-01    1.5235899286510939e-07
    22.11    13.734    5.1384604509440479e-01    1.2034697124233884e-07
    22.21    13.805    5.1384604509430387e-01    2.5547086150216697e-07
    22.30    13.863    5.1384604509442056e-01    1.6481607825003457e-07
    22.41    13.932    5.1384604509304677e-01    1.4060744710484393e-07
    22.51    14.006    5.1384604509255716e-01    1.1867550661470971e-07
    22.61    14.072    5.1384604509240528e-01    3.1024010550805683e-08
    22.71    14.139    5.1384604509243836e-01    4.5610362667922046e-08
    22.80    14.201    5.1384604509251708e-01    8.0982274879393859e-08
    22.91    14.266    5.1384604509239640e-01    7.1902811491749829e-08
    23.01    14.333    5.1384604509228060e-01    1.0121158065384808e-07
    23.11    14.392    5.1384604509229281e-01    8.5929264939268012e-08
    23.21    14.461    5.1384604509219933e-01    7.6672190960345588e-08
    23.30    14.523    5.1384604509186582e-01    4.4344623566355795e-08
    23.41    14.588    5.1384604509190512e-01    6.4233443422492870e-08
    23.51    14.658    5.1384604509179621e-01    4.5092243022186465e-08
    23.61    14.721    5.1384604509167342e-01    2.9600036164971762e-08
    23.71    14.790    5.1384604509161558e-01    2.6682452588036026e-08
    23.80    14.850    5.1384604509161713e-01    4.2369777256997168e-08
    23.91    14.918    5.1384604509161413e-01    1.9232162019494624e-08
    24.01    14.995    5.1384604509160148e-01    4.5054931833535361e-08
    24.11    15.052    5.1384604509157294e-01    3.2252108030409341e-08
    24.21    15.120    5.1384604509167253e-01    4.4884031307946848e-08
    24.30    15.178    5.1384604509168852e-01    2.2664625248899693e-08
    24.41    15.243    5.1384604509164422e-01    3.1597339426725697e-08
    24.51    15.314    5.1384604509156240e-01    1.5931159789628022e-08
    24.61    15.376    5.1384604509153498e-01    2.3300820176573190e-08
    24.71    15.448    5.1384604509151022e-01    9.4331842695288037e-09
    24.80    15.512    5.1384604509150589e-01    1.3638719956801132e-08
    24.91    15.589    5.1384604509150522e-01    1.1498987243661357e-08
    25.01    15.655    5.1384604509150278e-01    6.7351983216705463e-09
    25.11    15.712    5.1384604509150533e-01    1.7910397343008418e-08
    25.21    15.781    5.1384604509149923e-01    1.8167717764425834e-08
    25.30    15.845    5.1384604509149545e-01    1.7116450827073010e-08
    25.41    15.909    5.1384604509149578e-01    4.6378771390491093e-09
    25.51    15.976    5.1384604509149456e-01    1.1338577671290625e-08
    25.61    16.036    5.1384604509149434e-01    1.0870357717738148e-08
    25.71    16.108    5.1384604509149345e-01    8.4509364543742612e-09
    25.80    16.165    5.1384604509149123e-01    7.0200378115971067e-09
    25.91    16.239    5.1384604509148968e-01    3.1064589493091534e-09
    26.01    16.316    5.1384604509148912e-01    3.5250055430233116e-09
    26.11    16.378    5.1384604509148890e-01    1.8914757192745735e-09
    26.21    16.450    5.1384604509148868e-01    5.2992293073819404e-09
    26.30    16.507    5.1384604509148879e-01    6.9587692381415517e-09
    26.41    16.571    5.1384604509148912e-01    8.5894912649691702e-09
    26.51    16.642    5.1384604509148857e-01    7.1920824558870905e-09
    26.61    16.701    5.1384604509148790e-01    5.4830510665798303e-09
    26.71    16.770    5.1384604509148779e-01    2.0098263595278000e-09
    26.80    16.830    5.1384604509148768e-01    1.9354600987487403e-09
    26.91    16.896    5.1384604509148768e-01    4.5932835786050442e-09
    27.00    16.961    5.1384604509148757e-01    3.3827098525630147e-09
    27.11    17.034    5.1384604509148757e-01    2.9367265365010673e-09
    27.21    17.104    5.1384604509148757e-01    2.1113031910694824e-09
    27.30    17.166    5.1384604509148724e-01    1.6176666266220450e-09
    27.41    17.236    5.1384604509148735e-01    8.7798492386628468e-10
    27.50    17.303    5.1384604509148712e-01    7.0944388414283928e-10
    27.61    17.374    5.1384604509148701e-01    5.7153089664359004e-10
    27.71    17.446    5.1384604509148701e-01    7.9508372626247165e-10
    27.80    17.507    5.1384604509148701e-01    5.7695568767199785e-10
    27.91    17.578    5.1384604509148701e-01    1.3158726803225387e-09
    28.00    17.640    5.1384604509148712e-01    4.5226371394790893e-10
    28.11    17.711    5.1384604509148724e-01    5.2739995320779281e-10
    28.21    17.786    5.1384604509148724e-01    2.6968682151582918e-10
    28.30    17.839    5.1384604509148724e-01    5.7799120158318808e-10
    28.41    17.908    5.1384604509148757e-01    5.4781747622684151e-10
    28.50    17.965    5.1384604509148701e-01    2.5965459073707542e-10
    28.61    18.040    5.1384604509148701e-01    3.5355113918253834e-10
    28.71    18.108    5.1384604509148724e-01    1.8933960132858272e-10
    28.80    18.171    5.1384604509148712e-01    1.5815528502589880e-10
    28.91    18.243    5.1384604509148701e-01    9.1437170417491139e-11
    29.00    18.299    5.1384604509148712e-01    1.1884645617909621e-10
    29.11    18.368    5.1384604509148724e-01    1.3259248422191634e-10
    29.21    18.442    5.1384604509148701e-01    7.9782402493051071e-11
    29.30    18.508    5.1384604509148712e-01    1.1294610840471762e-10
    29.41    18.580    5.1384604509148690e-01    1.0949288479232858e-10
    29.50    18.642    5.1384604509148712e-01    4.3450706154282183e-11
    29.61    18.710    5.1384604509148712e-01    3.5566859803294159e-11
    29.71    18.781    5.1384604509148701e-01    8.6159013075104286e-11
    29.80    18.845    5.1384604509148724e-01    1.0350804268942902e-10
    29.91    18.914    5.1384604509148701e-01    4.9803125641592031e-11
    30.00    18.969    5.1384604509148679e-01    3.7465604333081538e-11
    30.11    19.036    5.1384604509148724e-01    3.6756498045953624e-11
