    epoch   elapsed                       val                 norm_grad
     0.00     0.000    6.9314718059542213e-01    1.3585262750173788e-02
     4.00    31.969    2.9987001399004126e-01    1.7627532301220494e-03
     8.00    64.355    2.9373968778295090e-01    1.1391848117591559e-03
    12.00    96.597    2.5520580749819005e-01    2.1254322659563945e-03
    16.00   128.700    2.0223867657249894e-01    3.7317044668177125e-04
    20.00   160.905    2.0091457647614747e-01    4.1958915937578362e-04
    24.00   193.047    1.9721383389216102e-01    7.4046049059825893e-04
    28.00   225.080    1.6487986393606016e-01    6.1544462398338529e-04
    32.00   257.219    1.6215782487547400e-01    1.6955467655401497e-04
    36.00   289.405    1.6161254611635331e-01    1.9578422212415935e-04
    40.00   321.634    1.5706097329507268e-01    1.9235433105221388e-04
    44.00   353.787    1.5688268674995509e-01    2.1195042461504823e-04
    48.00   385.910    1.5581571396453139e-01    2.5051601948345559e-04
    52.00   418.034    1.4531753756468993e-01    2.0796004564736581e-04
    56.00   450.182    1.4470432896040700e-01    1.1751853914887853e-04
    60.00   482.323    1.4455249132571601e-01    1.3407652796832730e-04
    64.00   514.499    1.4214000601390531e-01    1.1259684690297245e-04
    68.00   546.658    1.4177826373423463e-01    7.4015555261302393e-05
    72.00   578.797    1.4170537896653457e-01    7.9326608280379184e-05
    76.00   610.937    1.3987499797948066e-01    7.8900145844219588e-05
    80.00   643.067    1.3882279146266352e-01    5.6430018409092468e-05
    84.00   675.159    1.3879447472187015e-01    5.6392925027652863e-05
    88.00   707.305    1.3835244242700392e-01    4.9023636949987235e-05
    92.00   739.405    1.3827995737080559e-01    3.9896790070105176e-05
    96.00   771.544    1.3824771421500606e-01    3.7263129263346126e-05
   100.00   803.646    1.3740432599964178e-01    5.1429374201156320e-05
   104.00   835.739    1.3688121202748307e-01    2.9897413224220014e-05
   108.00   867.875    1.3687792293086470e-01    3.1295734168609889e-05
   112.00   899.964    1.3675486526031655e-01    3.0640189551508914e-05
   116.00   932.046    1.3647471458092003e-01    2.7284936745376385e-05
   120.00   964.192    1.3647292801038863e-01    2.6512542620287136e-05
   124.00   996.314    1.3640660817007014e-01    2.1498546199500295e-05
   128.00  1028.483    1.3600532406518226e-01    2.0571987265226639e-05
   132.00  1060.563    1.3599838409655152e-01    2.0449155498334637e-05
   136.00  1092.665    1.3598376545064964e-01    1.8180261422740964e-05
   140.00  1124.780    1.3574781320714735e-01    2.1090211010598314e-05
   144.00  1156.872    1.3570546250911078e-01    1.8298050892626993e-05
   148.00  1188.930    1.3570256433020111e-01    1.6189181762839176e-05
   152.00  1221.165    1.3561339199277153e-01    1.4409912286211940e-05
   156.00  1253.249    1.3552366895623263e-01    1.3152238857085499e-05
   160.00  1285.345    1.3552325652844915e-01    1.3263805971885782e-05
   164.00  1317.407    1.3550519403259190e-01    1.3504309032398621e-05
   168.00  1349.496    1.3533034910338823e-01    1.0856349254102095e-05
   172.00  1381.609    1.3532075426830320e-01    8.6909001241506373e-06
   176.00  1413.695    1.3531967111487336e-01    7.7204012000765573e-06
   180.00  1445.793    1.3528940086508881e-01    9.4151385528874779e-06
   184.00  1477.838    1.3526690803886929e-01    7.6967032364413124e-06
   188.00  1509.905    1.3526656466217460e-01    7.2422396108930033e-06
   192.00  1541.951    1.3525266827098006e-01    5.3057888744047557e-06
   196.00  1574.036    1.3519946566766905e-01    6.9878920300090054e-06
   200.00  1606.124    1.3519918740315093e-01    6.2795945930719793e-06
   204.00  1638.198    1.3519780112249130e-01    5.5524885490432754e-06
   208.00  1670.287    1.3517589270994185e-01    5.3603974174791384e-06
   212.00  1702.351    1.3517206921841063e-01    4.6505306483621100e-06
   216.00  1734.476    1.3517183398839003e-01    4.3939686792245546e-06
   220.00  1766.612    1.3516334936391711e-01    4.5655684472895628e-06
   224.00  1798.736    1.3514715337265076e-01    3.9861965343324244e-06
   228.00  1830.859    1.3514711925734560e-01    3.8063710794031274e-06
   232.00  1863.022    1.3514596823672193e-01    2.8637783781620104e-06
   236.00  1895.176    1.3513515286361080e-01    4.1171844935581148e-06
   240.00  1927.364    1.3513459660884730e-01    3.8179722312402688e-06
   244.00  1959.480    1.3513437989371957e-01    3.6627272643137134e-06
   248.00  1991.645    1.3512724240460511e-01    2.4093688800438030e-06
   252.00  2023.812    1.3511797487365401e-01    3.2151257295531282e-06
   256.00  2055.985    1.3511795509376423e-01    3.1261004864232749e-06
   260.00  2088.102    1.3511709931969104e-01    2.4091581307121863e-06
   264.00  2120.217    1.3510494451255034e-01    3.3058361695991166e-06
   268.00  2152.362    1.3510329489395140e-01    2.8977756021376541e-06
   272.00  2184.557    1.3510320030874634e-01    2.6170349530345549e-06
   276.00  2216.747    1.3509967875415196e-01    1.7825401324374709e-06
   280.00  2248.856    1.3509179873242275e-01    2.1712600091812188e-06
   284.00  2281.079    1.3509178672709080e-01    2.0846383090227296e-06
   288.00  2313.332    1.3509155976888323e-01    1.9861427198475670e-06
   292.00  2345.627    1.3508553525702530e-01    1.9714764938672256e-06
   296.00  2377.899    1.3508167249578329e-01    2.1670879412473503e-06
   300.00  2410.168    1.3508166157530027e-01    2.1197964116823882e-06
   304.00  2442.427    1.3508118290385163e-01    1.6679617387837624e-06
   308.00  2474.710    1.3507688132210213e-01    1.4246920693353035e-06
   312.00  2507.279    1.3507668367612130e-01    1.3353615274218712e-06
   316.00  2539.495    1.3507665169211655e-01    1.2304488821853833e-06
   320.00  2571.702    1.3507542218028412e-01    1.3589552982284671e-06
   324.00  2603.901    1.3507213978648308e-01    1.5349968240996041e-06
   328.00  2636.171    1.3507213190902440e-01    1.5157172727063189e-06
   332.00  2668.350    1.3507201084353532e-01    1.4753649758864966e-06
   336.00  2700.556    1.3506943037788471e-01    1.1280081179628407e-06
   340.00  2732.779    1.3506850730382455e-01    1.1192583930476926e-06
   344.00  2765.290    1.3506849800548706e-01    1.0761271058552709e-06
   348.00  2797.582    1.3506810555050647e-01    1.1129780222916985e-06
   352.00  2829.840    1.3506598714633919e-01    1.1081730081664212e-06
   356.00  2862.145    1.3506596042182961e-01    1.0855713254655188e-06
   360.00  2894.454    1.3506593404856745e-01    1.0001471999159640e-06
   364.00  2926.771    1.3506506244408276e-01    8.5621372961110567e-07
   368.00  2959.004    1.3506391475179691e-01    1.0595020029435031e-06
   372.00  2991.256    1.3506391249864999e-01    1.0465013144723502e-06
   376.00  3023.496    1.3506381685395608e-01    9.2510903325846204e-07
   380.00  3055.725    1.3506273689800072e-01    8.1865159352340426e-07
   384.00  3087.928    1.3506265121982089e-01    8.8401309097427484e-07
   388.00  3120.154    1.3506264303715595e-01    8.5014565979181122e-07
   392.00  3152.309    1.3506232054959799e-01    5.8041371796272587e-07
   396.00  3184.480    1.3506131355626350e-01    9.6310551211273672e-07
   400.00  3216.708    1.3506131054972986e-01    9.0737846848408739e-07
   404.00  3248.914    1.3506129098212435e-01    7.8522016984779731e-07
   408.00  3281.185    1.3506084764779075e-01    6.3242543723669629e-07
   412.00  3313.321    1.3506066236689551e-01    6.9852012960495403e-07
   416.00  3345.506    1.3506066038001710e-01    6.8238567486378010e-07
   420.00  3377.645    1.3506057411455566e-01    4.6946893806601134e-07
   424.00  3409.827    1.3505993370920627e-01    5.1498181804242306e-07
   428.00  3441.996    1.3505991540136628e-01    4.1518277059887890e-07
   432.00  3474.164    1.3505991185988342e-01    3.9786196621550194e-07
   436.00  3506.673    1.3505977307550335e-01    2.9412968339653928e-07
   440.00  3538.857    1.3505935530537996e-01    3.6632129177598720e-07
   444.00  3571.108    1.3505935419490012e-01    3.4751279757070306e-07
   448.00  3603.333    1.3505934708225592e-01    3.2192214939583446e-07
   452.00  3635.587    1.3505913806090311e-01    2.5820743684514623e-07
   456.00  3667.827    1.3505895553846803e-01    3.7397355885597576e-07
   460.00  3700.085    1.3505895528884240e-01    3.5909989851309204e-07
   464.00  3732.415    1.3505894406176380e-01    2.5446692330864360e-07
   468.00  3764.638    1.3505874101417395e-01    3.0524547578339807e-07
   472.00  3796.915    1.3505869237105803e-01    3.4937587158682975e-07
   476.00  3829.215    1.3505869187690028e-01    3.3701272366241201e-07
   480.00  3861.408    1.3505867018875850e-01    2.5969719344966534e-07
   484.00  3893.696    1.3505848299998566e-01    2.6918352706982036e-07
   488.00  3925.991    1.3505847522638972e-01    2.4195470986012146e-07
   492.00  3958.228    1.3505847450252154e-01    2.2410454194253277e-07
   496.00  3990.458    1.3505844451989035e-01    1.7903433672732616e-07
   500.00  4022.674    1.3505830841187982e-01    2.1956587589259545e-07
   504.00  4054.875    1.3505830734483532e-01    1.9594345282137692e-07
   508.00  4087.072    1.3505830603455482e-01    1.8008976123795315e-07
   512.00  4119.324    1.3505826660859022e-01    1.6576408480135639e-07
   516.00  4151.568    1.3505822943979276e-01    1.8578469001555934e-07
   520.00  4183.803    1.3505822935778505e-01    1.8173559928623023e-07
   524.00  4216.042    1.3505822566461045e-01    1.6944877249169470e-07
   528.00  4248.247    1.3505815945400829e-01    1.5034672215307319e-07
   532.00  4280.336    1.3505814392607132e-01    1.3872254067047662e-07
   536.00  4312.490    1.3505814383483256e-01    1.3444540676507055e-07
   540.00  4344.630    1.3505813974453743e-01    1.1075310623595606e-07
   544.00  4376.782    1.3505808694457194e-01    1.0975100372145451e-07
   548.00  4408.969    1.3505808121373419e-01    1.2189596569468764e-07
   552.00  4441.118    1.3505808110993781e-01    1.2009065060029075e-07
   556.00  4473.269    1.3505807670042283e-01    9.5980209796918250e-08
   560.00  4505.405    1.3505805065760662e-01    1.3985839336553088e-07
   564.00  4537.532    1.3505805024427114e-01    1.3489672793162000e-07
   568.00  4569.675    1.3505805005906948e-01    1.2496446143937718e-07
   572.00  4601.896    1.3505804339025315e-01    6.8837698455144936e-08
   576.00  4633.972    1.3505803068086458e-01    8.8884426410121733e-08
   580.00  4666.080    1.3505803066192812e-01    8.5044245595593168e-08
   584.00  4698.177    1.3505803008455675e-01    6.6948435445937371e-08
   588.00  4730.307    1.3505801699952946e-01    8.3840466182200530e-08
   592.00  4762.442    1.3505801151935876e-01    5.7226050826140041e-08
   596.00  4794.613    1.3505801149818009e-01    5.6260764102178293e-08
   600.00  4826.782    1.3505801054095923e-01    5.0614632806112172e-08
   604.00  4858.930    1.3505800007534810e-01    5.8871771214506186e-08
   608.00  4891.000    1.3505799930578141e-01    5.5983300571558519e-08
   612.00  4923.099    1.3505799926344741e-01    5.3017576487365581e-08
   616.00  4955.178    1.3505799752296443e-01    3.8548716903251092e-08
   620.00  4987.292    1.3505798979184300e-01    3.8682041047254292e-08
   624.00  5019.383    1.3505798973505800e-01    3.6483879395955645e-08
   628.00  5051.496    1.3505798967401689e-01    3.4992966829340530e-08
   632.00  5083.579    1.3505798764578167e-01    2.9952165809310380e-08
   636.00  5115.688    1.3505798494127536e-01    4.6199991620823558e-08
   640.00  5147.746    1.3505798493884638e-01    4.5340315374637338e-08
   644.00  5179.810    1.3505798482918491e-01    3.9747634634225080e-08
   648.00  5211.876    1.3505798203497946e-01    2.7781517436132399e-08
   652.00  5243.941    1.3505798044304804e-01    2.8533893116831971e-08
   656.00  5276.036    1.3505798043977849e-01    2.7988404824095456e-08
   660.00  5308.128    1.3505798029534957e-01    2.4608584966998186e-08
   664.00  5340.234    1.3505797830643523e-01    2.6254913105715397e-08
   668.00  5372.315    1.3505797805475153e-01    2.8937358540430385e-08
   672.00  5404.380    1.3505797805033010e-01    2.7918129521847540e-08
   676.00  5436.452    1.3505797785789223e-01    1.9001130636953868e-08
   680.00  5468.514    1.3505797631767855e-01    2.4022254635811958e-08
   684.00  5500.602    1.3505797626499455e-01    2.0266119411028752e-08
   688.00  5532.665    1.3505797626043251e-01    1.8921640111788404e-08
   692.00  5564.740    1.3505797607617070e-01    1.2238472097923651e-08
   696.00  5596.791    1.3505797532353975e-01    1.8146073556542319e-08
   700.00  5628.851    1.3505797531895539e-01    1.6927300610856239e-08
   704.00  5660.928    1.3505797530935124e-01    1.5865291024477651e-08
   708.00  5693.009    1.3505797500609812e-01    1.1081317625434388e-08
   712.00  5725.095    1.3505797467853803e-01    1.4052624389350909e-08
   716.00  5757.232    1.3505797467820996e-01    1.4080871071337843e-08
   720.00  5789.287    1.3505797466439520e-01    1.3834099058605077e-08
   724.00  5821.349    1.3505797425736060e-01    1.0022039662239334e-08
   728.00  5853.418    1.3505797392915836e-01    8.7122826449504963e-09
   732.00  5885.522    1.3505797392882618e-01    8.5973376998091307e-09
   736.00  5917.606    1.3505797392136962e-01    7.8561614686364788e-09
   740.00  5949.681    1.3505797372491474e-01    6.2303442155530510e-09
   744.00  5981.786    1.3505797360569785e-01    7.4215580336373558e-09
   748.00  6013.891    1.3505797360528404e-01    7.3675217670867481e-09
   752.00  6046.022    1.3505797360132171e-01    6.8687762772502038e-09
   756.00  6078.139    1.3505797349603565e-01    5.7038351909744766e-09
   760.00  6110.261    1.3505797344477655e-01    5.9094754369569073e-09
   764.00  6142.365    1.3505797344466799e-01    5.8873566003092427e-09
   768.00  6174.485    1.3505797343869128e-01    5.4986164632840073e-09
   772.00  6206.603    1.3505797333287725e-01    4.3151857437429244e-09
   776.00  6238.755    1.3505797331044775e-01    4.7805281674979893e-09
   780.00  6270.870    1.3505797331035566e-01    4.7069127431972582e-09
   784.00  6302.981    1.3505797330583891e-01    4.0318721623792119e-09
   788.00  6335.100    1.3505797325027957e-01    4.0776811572251434e-09
   792.00  6367.226    1.3505797324480484e-01    3.7673169280907227e-09
   796.00  6399.342    1.3505797324497096e-01    3.6111711160883833e-09
   800.00  6431.460    1.3505797323828936e-01    2.5171914964268198e-09
   804.00  6463.619    1.3505797318988899e-01    2.5447841746947332e-09
   808.00  6495.731    1.3505797318883195e-01    2.6558078294884419e-09
   812.00  6527.844    1.3505797318850138e-01    2.5803715302562137e-09
   816.00  6560.023    1.3505797318365781e-01    2.0884849083914257e-09
   820.00  6592.177    1.3505797316800097e-01    2.1531344198246036e-09
   824.00  6624.289    1.3505797316802831e-01    2.0800129054452061e-09
   828.00  6656.394    1.3505797316818466e-01    1.9910240286996621e-09
   832.00  6688.520    1.3505797316104032e-01    1.8096761282777171e-09
   836.00  6720.616    1.3505797314711415e-01    1.6403218299118503e-09
   840.00  6752.769    1.3505797314695278e-01    1.6223663997705837e-09
   844.00  6784.931    1.3505797314695381e-01    1.5281845762527313e-09
   848.00  6817.124    1.3505797314084372e-01    1.2441209135060213e-09
   852.00  6849.332    1.3505797313266574e-01    1.6440619053216991e-09
   856.00  6881.479    1.3505797313251997e-01    1.6242883656062614e-09
   860.00  6913.866    1.3505797313264328e-01    1.5039753809118017e-09
   864.00  6946.014    1.3505797312847145e-01    1.0996101606782240e-09
   868.00  6978.193    1.3505797312460563e-01    1.2116573100179309e-09
   872.00  7010.409    1.3505797312491327e-01    1.1815870121188355e-09
   876.00  7042.583    1.3505797312427742e-01    9.9903587466706872e-10
