    epoch   elapsed                       val                 norm_grad
     0.00     0.000    6.9314718059542213e-01    1.3585262750173788e-02
     4.00    31.774    5.5358330851823223e-01    3.4629547532003908e-03
    12.00    96.041    2.7478335640880192e-01    8.6364887732879702e-04
    16.00   128.240    1.9877308497934038e-01    5.3370938968111284e-04
    20.00   160.308    1.7817465827446607e-01    4.9670943401930890e-04
    24.00   192.367    1.5154441648610448e-01    3.2543974721879765e-04
    28.00   224.546    1.4978459357864116e-01    5.5990031342517904e-04
    32.00   256.618    1.4240249161205210e-01    1.5240049894043825e-04
    36.00   288.727    1.3892358658820697e-01    1.0858424733267894e-04
    40.00   320.852    1.3792805402856287e-01    1.2557498087319009e-04
    44.00   353.002    1.3715780511830497e-01    9.0424213973836154e-05
    48.00   385.112    1.3670466560256081e-01    3.7119045731436407e-05
    52.00   417.270    1.3652353293211594e-01    2.8582454824860346e-05
    60.00   481.519    1.3597258024949532e-01    2.8286978700482144e-05
    68.00   545.692    1.3577648496573747e-01    2.5333419859526262e-05
    76.00   609.891    1.3557925898251058e-01    2.1762481132963209e-05
    80.00   642.009    1.3549072438733673e-01    4.1134621846304602e-05
    84.00   674.357    1.3537294190367763e-01    2.6356649102928599e-05
    88.00   706.465    1.3529957347379415e-01    1.5106616186447707e-05
    92.00   738.619    1.3526197697024606e-01    1.8277653856381505e-05
    96.00   770.733    1.3520633690305703e-01    1.3355178222094911e-05
   104.00   834.890    1.3517690368319527e-01    7.6745543126552262e-06
   108.00   867.039    1.3517535875206946e-01    1.1273840485574085e-05
   116.00   931.318    1.3515619335579843e-01    6.3385352127943176e-06
   120.00   963.446    1.3514336399016658e-01    6.6409961645443818e-06
   124.00   995.575    1.3513457808494769e-01    3.9463939377484776e-06
   128.00  1027.724    1.3512867918757593e-01    4.8230123708090393e-06
   132.00  1059.847    1.3512384057618793e-01    6.0199089871595940e-06
   140.00  1124.116    1.3511492435570019e-01    5.8707899759747760e-06
   144.00  1156.238    1.3510882988076592e-01    1.4038721699524196e-05
   148.00  1188.374    1.3510462433210607e-01    3.3722857311867177e-06
   152.00  1220.527    1.3509890366236985e-01    3.2917665246095174e-06
   160.00  1284.857    1.3509100881581107e-01    6.5472071137009770e-06
   164.00  1317.033    1.3508686972863920e-01    4.9993203700063711e-06
   168.00  1349.164    1.3508057519450378e-01    3.1114920072264722e-06
   176.00  1413.450    1.3507654949209452e-01    2.2799033463890918e-06
   184.00  1477.733    1.3507438378170095e-01    2.3381762187800011e-06
   188.00  1509.877    1.3507289700496963e-01    2.2553668885771007e-06
   192.00  1542.044    1.3507205902713237e-01    2.3203925901902180e-06
   196.00  1574.228    1.3506943514135386e-01    1.9404948594960237e-06
   204.00  1638.548    1.3506752244437276e-01    2.2340435117875671e-06
   208.00  1670.714    1.3506632514631087e-01    2.6158863248769147e-06
   212.00  1702.857    1.3506488719556747e-01    2.0064804356163902e-06
   220.00  1767.179    1.3506396201824489e-01    1.3390879973290058e-06
   224.00  1799.316    1.3506315966745322e-01    2.0474898469078246e-06
   228.00  1831.473    1.3506252137338257e-01    1.5488705696048006e-06
   232.00  1863.592    1.3506215628030405e-01    2.0541230404938381e-06
   236.00  1895.677    1.3506169486024613e-01    1.2124950337959208e-06
   240.00  1927.742    1.3506144943580597e-01    1.8947680512738863e-06
   244.00  1959.860    1.3506136844981165e-01    1.0012111203801225e-06
   248.00  1991.953    1.3506103864187385e-01    8.8286996819751120e-07
   252.00  2024.094    1.3506070909939422e-01    8.5207372471430409e-07
   256.00  2056.220    1.3506049274730988e-01    1.1407777488980501e-06
   260.00  2088.365    1.3506001687701491e-01    6.0130231167379680e-07
   264.00  2120.473    1.3505987358643046e-01    7.4034122688095902e-07
   268.00  2152.564    1.3505960873591280e-01    9.0115793294749965e-07
   272.00  2184.704    1.3505930600165295e-01    1.2635382661867025e-06
   276.00  2216.856    1.3505922705363946e-01    5.6577390680911737e-07
   280.00  2248.964    1.3505913763803437e-01    1.2411393454867184e-06
   284.00  2281.048    1.3505898749615816e-01    6.5419202679336346e-07
   288.00  2313.139    1.3505894376733954e-01    4.7025268043355493e-07
   292.00  2345.263    1.3505880946181367e-01    4.7923828518042349e-07
   296.00  2377.356    1.3505867589482889e-01    4.4484242633336116e-07
   300.00  2409.449    1.3505865524701888e-01    7.6666480601449880e-07
   304.00  2441.543    1.3505852420134440e-01    5.1116038771592184e-07
   308.00  2473.610    1.3505841962238116e-01    2.7116145039729950e-07
   312.00  2505.845    1.3505838597402325e-01    4.5191709111051421e-07
   316.00  2538.102    1.3505831832738099e-01    2.5414076296283567e-07
   320.00  2570.227    1.3505823138347006e-01    2.6000430673747855e-07
   324.00  2602.296    1.3505819524352441e-01    4.5315548214969231e-07
   328.00  2634.355    1.3505815592285653e-01    2.3462143378736157e-07
   332.00  2666.441    1.3505811538950130e-01    2.2156115798580762e-07
   336.00  2698.506    1.3505809940199970e-01    3.6487575694046516e-07
   340.00  2730.580    1.3505807787202745e-01    2.7639466809178951e-07
   344.00  2762.685    1.3505805727162776e-01    1.7668176335543827e-07
   348.00  2794.780    1.3505804654762882e-01    2.1903242866362741e-07
   352.00  2826.896    1.3505804046802392e-01    1.5335738511506676e-07
   356.00  2858.995    1.3505803348253437e-01    1.7318193504988002e-07
   360.00  2891.100    1.3505804601780685e-01    1.1357850946535597e-06
   364.00  2923.166    1.3505802074163831e-01    1.7568909572330050e-07
   368.00  2955.230    1.3505801589067232e-01    1.1483480451985248e-07
   372.00  2987.291    1.3505802489774066e-01    8.6028115620476067e-07
   376.00  3019.382    1.3505800996031198e-01    1.2559783898613069e-07
   380.00  3051.483    1.3505800481263708e-01    1.0170100684330439e-07
   384.00  3083.556    1.3505800573998306e-01    5.5403127520846747e-07
   388.00  3115.672    1.3505799971178320e-01    1.0159702879008965e-07
   392.00  3147.778    1.3505799817075009e-01    1.0459118706625971e-07
   396.00  3179.975    1.3505801703560957e-01    1.0090065196401143e-06
   400.00  3212.024    1.3505799045869013e-01    7.5381648994229208e-08
   404.00  3244.064    1.3505798713084580e-01    7.2164859496259798e-08
   408.00  3276.141    1.3505839507212386e-01    4.0001025711508720e-06
   412.00  3308.203    1.3505798396455365e-01    6.9580965564689111e-08
   416.00  3340.259    1.3505798322628262e-01    4.2079129748510502e-08
   420.00  3372.389    1.3505798270753069e-01    2.0374234478193193e-07
   424.00  3404.563    1.3505798137919278e-01    4.8087584642725768e-08
   428.00  3436.785    1.3505798053067039e-01    4.4647271265570260e-08
   432.00  3468.941    1.3505798006594918e-01    1.0201437258029410e-07
   436.00  3501.145    1.3505797920675625e-01    4.4001663765403463e-08
   440.00  3533.448    1.3505797892605442e-01    3.1529573589031216e-08
   444.00  3565.682    1.3505797842495143e-01    3.7369482615378221e-08
   448.00  3597.886    1.3505797746294351e-01    2.9870592333474984e-08
   452.00  3630.116    1.3505797717951398e-01    3.6064027213490700e-08
   456.00  3662.316    1.3505797709701398e-01    7.8849471277979876e-08
   460.00  3694.487    1.3505797650644180e-01    2.5844774983340856e-08
   464.00  3726.647    1.3505797612510276e-01    4.4624094715802675e-08
   468.00  3758.824    1.3505797542357648e-01    2.7872747419037426e-08
   472.00  3791.061    1.3505797527424224e-01    2.7752115694208950e-08
   476.00  3823.587    1.3505797513935561e-01    3.1822258888235106e-08
   480.00  3855.769    1.3505797477612694e-01    3.2459010144956318e-08
   484.00  3887.972    1.3505797461835359e-01    2.2684320651009846e-08
   488.00  3920.039    1.3505797449860157e-01    2.8703185280528020e-08
   492.00  3952.116    1.3505797431847952e-01    2.0957603605920503e-08
   496.00  3984.208    1.3505797419818100e-01    1.6840212886549323e-08
   500.00  4016.341    1.3505797406470543e-01    3.9710956353001990e-08
   504.00  4048.536    1.3505797392603217e-01    1.2538390602260134e-08
   508.00  4080.733    1.3505797387195706e-01    1.5089141259395587e-08
   512.00  4112.907    1.3505797685231616e-01    1.2601575913123082e-07
   516.00  4145.133    1.3505797365261160e-01    2.8375993986582436e-08
   520.00  4177.377    1.3505797360531857e-01    1.3557905822368136e-08
   524.00  4209.579    1.3505797355679461e-01    1.0017553883554041e-08
   528.00  4241.796    1.3505797358411578e-01    5.8921623270756760e-08
   532.00  4273.975    1.3505797346216528e-01    1.3197391114135914e-08
   536.00  4306.131    1.3505797339260991e-01    7.4840621266965885e-09
   540.00  4338.359    1.3505797358860391e-01    1.0520892777108019e-07
   544.00  4370.541    1.3505797330758451e-01    9.7241397533134496e-09
   548.00  4402.729    1.3505797325936611e-01    8.3037508953341929e-09
   552.00  4434.960    1.3505797328849931e-01    4.7988614463607042e-08
   556.00  4467.148    1.3505797322604027e-01    8.7350039659838382e-09
   560.00  4499.367    1.3505797320375593e-01    1.0872941189107165e-08
   564.00  4531.632    1.3505797318711837e-01    9.0873692590972894e-09
   568.00  4563.822    1.3505797317894769e-01    7.8870370641674557e-09
   572.00  4595.984    1.3505797316817347e-01    4.7548782895309750e-09
   576.00  4628.216    1.3505797316154228e-01    3.7827838748223564e-09
   580.00  4660.413    1.3505797315745130e-01    6.8046079479617049e-09
   584.00  4692.488    1.3505797315259141e-01    5.5641525549785594e-09
   588.00  4724.534    1.3505797314231663e-01    2.4049112991907201e-09
   592.00  4756.641    1.3505797313731144e-01    3.4718142856981580e-09
   596.00  4788.734    1.3505797313382664e-01    2.9850366553871585e-09
   600.00  4820.851    1.3505797313144527e-01    2.2913612894521120e-09
   604.00  4852.997    1.3505797312984649e-01    2.5877064557335326e-09
   608.00  4885.129    1.3505797312780207e-01    2.3696971244337987e-09
   612.00  4917.242    1.3505797312641432e-01    2.0089201723038683e-09
   616.00  4949.502    1.3505797312377940e-01    3.1309650889054339e-09
   620.00  4981.693    1.3505797312364948e-01    2.2739697930235104e-09
   624.00  5013.954    1.3505797312104817e-01    2.9370470471312229e-09
   628.00  5046.193    1.3505797311857154e-01    1.7815112937646666e-09
   632.00  5078.489    1.3505797311820475e-01    2.2097947421361341e-09
   636.00  5110.743    1.3505797311704690e-01    2.0944681056141120e-09
   640.00  5142.972    1.3505797311655282e-01    1.2011283710154390e-09
   644.00  5175.249    1.3505797311593112e-01    1.7133852992577135e-09
   648.00  5207.530    1.3505797311535533e-01    1.1952671958701958e-09
   652.00  5239.728    1.3505797311491835e-01    1.0812827593500541e-09
   656.00  5271.829    1.3505797311451537e-01    1.1342729998576883e-09
   660.00  5303.949    1.3505797311416223e-01    1.0240786712791841e-09
   664.00  5336.077    1.3505797311440249e-01    7.0246266356930040e-10
