    epoch   elapsed                       val                 norm_grad
     0.00     0.000    6.9314718056034186e-01    2.1826524339350995e-02
     4.00     1.561    4.3826400155157247e-01    2.1634880147812282e-03
     8.00     3.131    4.2934126811366125e-01    1.0450377078193866e-03
    12.00     4.729    4.2909139410530484e-01    9.8984362708470926e-04
    16.00     6.300    4.2840261639550237e-01    7.1913021581318732e-04
    20.00     7.873    4.2827920386548274e-01    3.3119557031660639e-04
    24.00     9.449    4.2825485248971090e-01    1.7340662257888130e-04
    28.00    11.027    4.2824763772564145e-01    1.3495465873270877e-04
    32.00    12.604    4.2824220326254131e-01    1.6121867592295400e-04
    36.00    14.179    4.2823612679155026e-01    1.4122879437349160e-04
    40.00    15.786    4.2822863901767944e-01    1.1325365542718504e-04
    44.00    17.361    4.2822363281943915e-01    9.0742342010110153e-05
    48.00    18.935    4.2821903040945142e-01    1.1977345068308617e-04
    52.00    20.510    4.2821607424092101e-01    1.1612378587804854e-04
    56.00    22.082    4.2821258874984286e-01    8.7674990761933813e-05
    60.00    23.660    4.2821073893570893e-01    8.6889434975456791e-05
    64.00    25.258    4.2820732599289424e-01    4.8662103339781146e-05
    68.00    26.831    4.2820696691526944e-01    4.0767717696446284e-05
    72.00    28.412    4.2820448665158489e-01    4.4713413288095584e-05
    76.00    30.007    4.2820418801392784e-01    4.4919486474406705e-05
    80.00    31.582    4.2820249779426045e-01    2.8839227437493504e-05
    84.00    33.158    4.2820226505981723e-01    1.8643121758345459e-05
    88.00    34.748    4.2820131316210680e-01    2.9771308571244145e-05
    92.00    36.320    4.2820106265436686e-01    1.4201586827942236e-05
    96.00    37.895    4.2820052331895814e-01    1.7444141169081942e-05
   100.00    39.470    4.2820028679766675e-01    1.7177500495433555e-05
   104.00    41.049    4.2819987909802476e-01    2.5861322030322332e-05
   108.00    42.621    4.2819965603619736e-01    1.6385517586529005e-05
   112.00    44.194    4.2819929176387916e-01    1.5574429914272168e-05
   116.00    45.791    4.2819886460563200e-01    1.6740785310244140e-05
   120.00    47.365    4.2819864506226002e-01    2.0852939951539742e-05
   124.00    48.939    4.2819821841847705e-01    1.5046127140922834e-05
   128.00    50.513    4.2819807981303964e-01    1.3223222383470754e-05
   132.00    52.084    4.2819755592565312e-01    1.5336077869450495e-05
   136.00    53.661    4.2819748547216296e-01    1.3531986734961288e-05
   140.00    55.255    4.2819702865606374e-01    1.8143726630139802e-05
   144.00    56.832    4.2819698586787480e-01    1.1386283932919852e-05
   148.00    58.409    4.2819669887119599e-01    1.2381032034747128e-05
   152.00    59.987    4.2819665959348946e-01    1.1502039848566867e-05
   156.00    61.574    4.2819638601789578e-01    1.3810659821857396e-05
   160.00    63.163    4.2819634279536190e-01    7.4031694241077804e-06
   164.00    64.755    4.2819615277538881e-01    1.1754036556020260e-05
   168.00    66.346    4.2819609768208078e-01    9.7114819552057951e-06
   172.00    67.939    4.2819597898497774e-01    1.0244514731872480e-05
   176.00    69.530    4.2819587765369199e-01    8.5147908804330432e-06
   180.00    71.120    4.2819582069562961e-01    6.7264484265859518e-06
   184.00    72.708    4.2819571367743997e-01    5.1008189572579389e-06
   188.00    74.298    4.2819569232512700e-01    4.6869887678411043e-06
   192.00    75.890    4.2819560332660617e-01    4.6725467410781132e-06
   196.00    77.463    4.2819559440137106e-01    3.8087377002565566e-06
   200.00    79.038    4.2819553064988258e-01    4.9996866319540776e-06
   204.00    80.616    4.2819552404358757e-01    4.1488967036235617e-06
   208.00    82.191    4.2819546330605651e-01    4.2055034200468976e-06
   212.00    83.764    4.2819545218875432e-01    3.5477054600015452e-06
   216.00    85.361    4.2819540926607880e-01    6.0982918472154076e-06
   220.00    86.944    4.2819538720092876e-01    4.1923833655199118e-06
   224.00    88.522    4.2819536301684669e-01    3.8695868365199023e-06
   228.00    90.097    4.2819532387856096e-01    2.9781550450276014e-06
   232.00    91.669    4.2819531469808014e-01    3.2384626724013375e-06
   236.00    93.246    4.2819527116959766e-01    3.3475104502236622e-06
   240.00    94.820    4.2819526675298142e-01    2.8627576534257907e-06
   244.00    96.393    4.2819522219274453e-01    3.3388541455195678e-06
   248.00    97.970    4.2819521710519259e-01    2.9454292403439381e-06
   252.00    99.548    4.2819518480414365e-01    4.1653812559389702e-06
   256.00   101.125    4.2819516498623300e-01    2.8937755446232493e-06
   260.00   102.704    4.2819514266316161e-01    3.2168134971408014e-06
   264.00   104.282    4.2819509691469088e-01    3.3571005751465478e-06
   268.00   105.881    4.2819508792507360e-01    2.6823453972981856e-06
   272.00   107.461    4.2819503938554082e-01    3.4508331763300160e-06
   276.00   109.039    4.2819503599775899e-01    2.4774282945623576e-06
   280.00   110.616    4.2819500167566427e-01    3.0094578247012197e-06
   284.00   112.197    4.2819499668640371e-01    2.0687360292260599e-06
   288.00   113.781    4.2819497287631481e-01    3.0068756917725321e-06
   292.00   115.380    4.2819496023985149e-01    2.6069706366797456e-06
   296.00   116.972    4.2819495057763751e-01    1.8668439232390393e-06
   300.00   118.569    4.2819493413093912e-01    2.0206483180528073e-06
   304.00   120.163    4.2819493083467985e-01    1.9986037127005311e-06
   308.00   121.757    4.2819491654660363e-01    2.0416043255328299e-06
   312.00   123.351    4.2819491530173498e-01    1.5972916894100465e-06
   316.00   124.941    4.2819490218042172e-01    2.8902491688865110e-06
   320.00   126.529    4.2819490059491244e-01    1.2403738914777319e-06
   324.00   128.118    4.2819489178430648e-01    3.0126493703664467e-06
   328.00   129.705    4.2819488760557234e-01    1.4940079054609176e-06
   332.00   131.295    4.2819488280622864e-01    2.0400462282509999e-06
   336.00   132.884    4.2819487540762718e-01    1.4431378755298147e-06
   340.00   134.471    4.2819487373370496e-01    1.3223316681723298e-06
   344.00   136.083    4.2819486641240162e-01    1.6731355102329645e-06
   348.00   137.669    4.2819486562500830e-01    1.3289690065331612e-06
   352.00   139.251    4.2819485634917570e-01    2.7732566081953261e-06
   356.00   140.836    4.2819485502979537e-01    1.3109771149219321e-06
   360.00   142.419    4.2819484885446479e-01    2.7259407023925262e-06
   364.00   143.993    4.2819484569889427e-01    1.3024868578122117e-06
   368.00   145.589    4.2819484276868236e-01    1.7426558109641897e-06
   372.00   147.168    4.2819483803461611e-01    1.1086258705367964e-06
   376.00   148.751    4.2819483718886969e-01    8.1466330159216155e-07
   380.00   150.358    4.2819483400787334e-01    1.0618575895010451e-06
   384.00   151.952    4.2819483378031592e-01    6.6252417015176418e-07
   388.00   153.539    4.2819483180079326e-01    1.3816064797789128e-06
   392.00   155.151    4.2819483162782507e-01    4.7032337043962348e-07
   396.00   156.768    4.2819483051235774e-01    1.2875303255515997e-06
   400.00   158.362    4.2819483022267435e-01    4.3411824933092976e-07
   404.00   159.956    4.2819482982250912e-01    8.1608619099581121e-07
   408.00   161.548    4.2819482947857335e-01    3.2013204202075547e-07
   412.00   163.140    4.2819482937561859e-01    3.0782550493148903e-07
   416.00   164.733    4.2819482914842355e-01    2.1370647255374121e-07
   420.00   166.344    4.2819482911653894e-01    1.9094864953149239e-07
   424.00   167.919    4.2819482890996086e-01    2.6516251114547418e-07
   428.00   169.492    4.2819482889704125e-01    1.7240394067745664e-07
   432.00   171.067    4.2819482878076126e-01    2.9366660792544118e-07
   436.00   172.639    4.2819482876078047e-01    1.2465056678354744e-07
   440.00   174.214    4.2819482870634862e-01    2.0846202739384292e-07
   444.00   175.820    4.2819482867691355e-01    1.3135056897864574e-07
   448.00   177.398    4.2819482866155489e-01    1.2110496406510187e-07
   452.00   178.972    4.2819482862996711e-01    1.0225771582444992e-07
   456.00   180.547    4.2819482862285685e-01    1.0126873730133761e-07
   460.00   182.124    4.2819482858282926e-01    9.4227571117701522e-08
   464.00   183.703    4.2819482858024244e-01    8.3439378772752543e-08
   468.00   185.291    4.2819482855463670e-01    1.1058554336003999e-07
   472.00   186.896    4.2819482855083485e-01    6.5656057654122911e-08
   476.00   188.481    4.2819482853486962e-01    1.1145374686355928e-07
   480.00   190.051    4.2819482852404506e-01    7.1279741963720260e-08
   484.00   191.626    4.2819482851499768e-01    7.3339826021301169e-08
   488.00   193.202    4.2819482848932461e-01    7.5980037179923560e-08
   492.00   194.771    4.2819482848520352e-01    7.2899485619329298e-08
   496.00   196.382    4.2819482845141521e-01    1.0318796451562481e-07
   500.00   197.961    4.2819482844898482e-01    6.3526047750579738e-08
   504.00   199.546    4.2819482842861056e-01    1.2914602352560508e-07
   508.00   201.125    4.2819482842166778e-01    6.5961596040239924e-08
   512.00   202.706    4.2819482840756812e-01    1.0462353078451801e-07
   516.00   204.282    4.2819482838804163e-01    6.3551857487155961e-08
   520.00   205.853    4.2819482838375206e-01    6.2087828400944824e-08
   524.00   207.430    4.2819482836705691e-01    6.1262262446451089e-08
   528.00   209.005    4.2819482836517014e-01    6.0314955001476898e-08
   532.00   210.578    4.2819482834531092e-01    9.4596843597621630e-08
   536.00   212.158    4.2819482834317002e-01    4.3471168226039510e-08
   540.00   213.735    4.2819482833361988e-01    7.9893131275360364e-08
   544.00   215.307    4.2819482833026051e-01    4.3994843302095847e-08
   548.00   216.924    4.2819482832614997e-01    5.3040219935671455e-08
   552.00   218.516    4.2819482832095868e-01    2.8618717870572289e-08
   556.00   220.113    4.2819482831964967e-01    2.7587824410405418e-08
   560.00   221.706    4.2819482831494460e-01    2.7146429840649381e-08
   564.00   223.302    4.2819482831450872e-01    2.6592353224102730e-08
   568.00   224.899    4.2819482831086519e-01    3.3711861617158664e-08
   572.00   226.517    4.2819482831059874e-01    2.4383622150390310e-08
   576.00   228.100    4.2819482830884786e-01    3.0334855426494870e-08
   580.00   229.689    4.2819482830842376e-01    1.4789059029322371e-08
   584.00   231.279    4.2819482830786315e-01    1.6843921004102650e-08
   588.00   232.865    4.2819482830745459e-01    1.0695288964875999e-08
   592.00   234.454    4.2819482830730798e-01    9.2438415385639549e-09
   596.00   236.041    4.2819482830697325e-01    7.4912955888609665e-09
   600.00   237.621    4.2819482830692973e-01    7.3034946543973275e-09
   604.00   239.209    4.2819482830672673e-01    6.5121734448541513e-09
   608.00   240.801    4.2819482830669042e-01    6.6175406737266966e-09
   612.00   242.394    4.2819482830654232e-01    9.0042121540433959e-09
   616.00   243.984    4.2819482830649996e-01    5.3902717361363243e-09
   620.00   245.572    4.2819482830641864e-01    7.0428796778906140e-09
   624.00   247.184    4.2819482830632416e-01    5.0945330098387975e-09
   628.00   248.762    4.2819482830629485e-01    5.0457976320385242e-09
   632.00   250.336    4.2819482830620637e-01    4.7565594375809090e-09
   636.00   251.917    4.2819482830619537e-01    4.7746092603619659e-09
   640.00   253.494    4.2819482830604055e-01    6.7310555550780249e-09
   644.00   255.075    4.2819482830603212e-01    4.6595666148770601e-09
   648.00   256.685    4.2819482830594124e-01    8.8985783746439004e-09
   652.00   258.261    4.2819482830589184e-01    4.8437913265617868e-09
   656.00   259.835    4.2819482830580030e-01    7.4992293596434033e-09
   660.00   261.409    4.2819482830556649e-01    7.4854531630484485e-09
   664.00   262.987    4.2819482830553768e-01    6.3715918499969648e-09
   668.00   264.582    4.2819482830533384e-01    1.0891942362676761e-08
   672.00   266.167    4.2819482830530708e-01    4.8654008206362732e-09
   676.00   267.815    4.2819482830514310e-01    1.3420001223915648e-08
   680.00   269.421    4.2819482830509170e-01    6.4764545542210991e-09
   684.00   271.028    4.2819482830501221e-01    1.0563728711948166e-08
   688.00   272.645    4.2819482830492972e-01    5.3013538061228960e-09
   692.00   274.261    4.2819482830491135e-01    5.0259920262938140e-09
   696.00   275.859    4.2819482830484484e-01    3.5514983122649261e-09
   700.00   277.484    4.2819482830483946e-01    2.9547826008833387e-09
   704.00   279.096    4.2819482830479066e-01    3.0680244057172334e-09
   708.00   280.727    4.2819482830480143e-01    2.8153907647925341e-09
   712.00   282.366    4.2819482830477557e-01    2.8182647013021436e-09
   716.00   283.986    4.2819482830477906e-01    1.7010465908807570e-09
   720.00   285.598    4.2819482830477240e-01    1.9933909172882904e-09
   724.00   287.236    4.2819482830477384e-01    1.0788797393172401e-09
   728.00   288.831    4.2819482830476535e-01    9.6337561349282527e-10
