    epoch   elapsed                       val                 norm_grad
     0.00     0.000    6.9314718056034186e-01    2.1826524339350995e-02
     1.00     5.722    4.3279571186225202e-01    2.1738999977652931e-03
     2.00    11.484    4.3072555449733552e-01    1.6339048704487452e-03
     3.00    17.202    4.2999931515748752e-01    1.4247803450232967e-03
     4.00    22.898    4.2977944853237082e-01    1.3776083100401810e-03
     5.00    28.602    4.2939594347671339e-01    1.1322124357227902e-03
     6.00    34.318    4.2932238294383401e-01    1.3519606481466463e-03
     7.00    40.035    4.2920978035740265e-01    9.5000986681166891e-04
     8.00    45.754    4.2905908104217777e-01    9.4852836838988438e-04
     9.00    51.473    4.2890678224714468e-01    6.0646241291939670e-04
    10.00    57.238    4.2901239985565470e-01    1.3772155916919853e-03
    11.00    62.955    4.2890095606902939e-01    9.8540573775212715e-04
    12.00    68.664    4.2891763533310978e-01    1.3123329843080440e-03
    13.00    74.398    4.2873104561030101e-01    7.4912114437275393e-04
    14.00    80.098    4.2876002093281357e-01    7.4171093605744566e-04
    15.00    85.830    4.2863035994370496e-01    4.9996004424728501e-04
    16.00    91.572    4.2864703273815663e-01    6.6933141633616303e-04
    17.00    97.305    4.2872731569265016e-01    9.1477778513732568e-04
    18.00   103.031    4.2864373195994848e-01    1.0154360207780570e-03
    19.00   108.756    4.2876728322714158e-01    1.2898888990281502e-03
    20.00   114.486    4.2858272287856936e-01    5.3444128065562924e-04
    21.00   120.206    4.2853710611468976e-01    5.2217849023693122e-04
    22.00   125.941    4.2858049229007544e-01    1.1277036683606714e-03
    23.00   131.649    4.2853467869842793e-01    6.7832407790199768e-04
    24.00   137.371    4.2849838819136443e-01    6.6545892831918353e-04
    25.00   143.117    4.2857432600567480e-01    1.0371198898506207e-03
    26.00   148.854    4.2841785962719192e-01    3.1689295003363053e-04
    27.00   154.583    4.2845561354910000e-01    3.3568860903678173e-04
    28.00   160.301    4.2845520960258887e-01    4.9715717159224662e-04
    29.00   166.001    4.2852235421934620e-01    9.0691649764010525e-04
    30.00   171.695    4.2846637077026256e-01    5.6058839955150657e-04
    31.00   177.486    4.2845509945237120e-01    7.0461614356826668e-04
    32.00   183.295    4.2841771884735813e-01    3.0755483668203402e-04
    33.00   189.088    4.2842207880835653e-01    4.7595217421984078e-04
    34.00   194.876    4.2840807105981604e-01    4.7300324953975214e-04
    35.00   200.618    4.2843609691354106e-01    5.6717223609546535e-04
    36.00   206.334    4.2840240541110763e-01    4.0380646234796172e-04
    37.00   212.045    4.2839878489448213e-01    4.0170675655573743e-04
    38.00   217.759    4.2845179508164916e-01    8.9978294221881015e-04
    39.00   223.457    4.2838929584748409e-01    4.5416573983231474e-04
    40.00   229.183    4.2841253775996496e-01    6.1345845070079623e-04
    41.00   234.896    4.2841687634173897e-01    4.4368247906281631e-04
    42.00   240.614    4.2839857079643923e-01    5.0777423950060956e-04
    43.00   246.334    4.2834455652108772e-01    2.4667578071436248e-04
    44.00   252.035    4.2834364648283263e-01    2.5391525421349797e-04
    45.00   257.747    4.2834841029332055e-01    3.3798395374603373e-04
    46.00   263.474    4.2837712235654812e-01    5.4014829874749935e-04
    47.00   269.196    4.2834672841372073e-01    2.5230952700113320e-04
    48.00   274.923    4.2834431220252145e-01    2.8938317513712495e-04
    49.00   280.646    4.2838658052783601e-01    7.2134022788566780e-04
    50.00   286.358    4.2835605978039626e-01    3.4846566602827767e-04
    51.00   292.080    4.2835190594757994e-01    4.7638164687904393e-04
    52.00   297.797    4.2835371638531733e-01    3.7151187590104423e-04
    53.00   303.531    4.2833323923910799e-01    3.4527381252546607e-04
    54.00   309.261    4.2835198089470600e-01    4.2235926747207295e-04
    55.00   314.946    4.2833518583910934e-01    3.1316869942488363e-04
    56.00   320.741    4.2833869226454918e-01    4.0106734629885115e-04
    57.00   326.480    4.2832422736507297e-01    3.6605261033380656e-04
    58.00   332.198    4.2832000898717409e-01    2.0030514455029202e-04
    59.00   337.893    4.2834218990167611e-01    4.9511667128606090e-04
    60.00   343.584    4.2833831299253483e-01    5.1302650489184521e-04
    61.00   349.302    4.2832147062764803e-01    4.9435917720549376e-04
    62.00   355.023    4.2830070706120138e-01    2.0799714174835838e-04
    63.00   360.722    4.2830885413806713e-01    3.6352350596412691e-04
    64.00   366.444    4.2831582009532870e-01    3.1634184049555508e-04
    65.00   372.122    4.2836493456955516e-01    6.8435360677525803e-04
    66.00   377.822    4.2831295031269734e-01    3.4747162307747868e-04
    67.00   383.509    4.2831298041327226e-01    3.3127048759019092e-04
    68.00   389.200    4.2831588297956980e-01    3.2227064844307727e-04
    69.00   394.891    4.2830477735531036e-01    3.5628267971945604e-04
    70.00   400.592    4.2829866280665047e-01    2.6220282004738363e-04
    71.00   406.289    4.2830528873321205e-01    2.5174195078333985e-04
    72.00   412.037    4.2829937442478988e-01    3.7317816502447309e-04
    73.00   417.755    4.2830751937489459e-01    3.6285877928443904e-04
    74.00   423.441    4.2829332140399046e-01    2.1136974129544778e-04
    75.00   429.114    4.2830538963016468e-01    3.7647641243749517e-04
    76.00   434.781    4.2831996709367126e-01    3.8071760810182370e-04
    77.00   440.510    4.2830721622111884e-01    4.6744414305410986e-04
    78.00   446.232    4.2830248207297683e-01    2.4945498472188468e-04
    79.00   452.017    4.2828412023213364e-01    1.6288342573691174e-04
    80.00   457.774    4.2828400803272193e-01    2.5566013892186853e-04
    81.00   463.564    4.2828591838857089e-01    3.0142979380001788e-04
    82.00   469.314    4.2828172584197272e-01    2.7514508791317416e-04
    83.00   475.065    4.2828615790286556e-01    3.0573068383934045e-04
    84.00   480.801    4.2828453631952251e-01    3.4035796867275925e-04
    85.00   486.582    4.2827621690012391e-01    1.4594537983133519e-04
    86.00   492.285    4.2829635503738234e-01    4.3157965090990738e-04
    87.00   497.961    4.2828009896342073e-01    2.9416283068621387e-04
    88.00   503.608    4.2828246070187947e-01    2.7896148431150598e-04
    89.00   509.284    4.2828305385019444e-01    2.3486187135363570e-04
    90.00   514.977    4.2827769665548232e-01    2.4064811618296358e-04
    91.00   520.735    4.2827559331689624e-01    2.7363984370900625e-04
    92.00   526.445    4.2827742564384552e-01    3.0405713117150150e-04
    93.00   532.168    4.2828799250400312e-01    4.2067903556637713e-04
    94.00   537.899    4.2826948658676278e-01    2.4530945519985874e-04
    95.00   543.619    4.2826975870102829e-01    1.9038994350172790e-04
    96.00   549.301    4.2826597496696150e-01    1.4424800119158544e-04
    97.00   554.992    4.2827971605521636e-01    3.6766310124557557e-04
    98.00   560.708    4.2826829740600536e-01    2.0171507143737952e-04
    99.00   566.418    4.2830631166326344e-01    5.7134288721189907e-04
   100.00   572.114    4.2828149394378490e-01    2.6502044817947908e-04
   101.00   577.809    4.2826897653995105e-01    1.6389868061283006e-04
   102.00   583.519    4.2827949269044241e-01    2.7569867878543997e-04
   103.00   589.209    4.2826600454941177e-01    2.9397488069204719e-04
   104.00   594.884    4.2827156612035244e-01    3.6958262181773253e-04
   105.00   600.551    4.2827238080704588e-01    2.7641251106467845e-04
   106.00   606.231    4.2827784111135969e-01    3.5271945426387075e-04
   107.00   611.932    4.2827582134404313e-01    3.6513560219783846e-04
   108.00   617.600    4.2827008563896241e-01    2.2935755817752036e-04
   109.00   623.292    4.2828149804441318e-01    4.3727528616968337e-04
   110.00   628.980    4.2826695317590796e-01    2.2414337570927107e-04
   111.00   634.679    4.2826907721032037e-01    2.9879676781605817e-04
   112.00   640.442    4.2827030296933655e-01    3.2578086325614204e-04
   113.00   646.164    4.2826781797094782e-01    3.3274369363789401e-04
