    epoch   elapsed                       val                 norm_grad
     0.00     0.000    6.9314718056001268e-01    3.1116950283616701e-01
    12.00     0.563    4.4229459187716375e-01    8.8469899754541184e-02
    14.00     0.720    1.3535466569107676e-01    1.7400305150691166e-02
    16.00     0.877    8.2002234323158202e-02    1.1196063519015496e-02
    18.00     1.031    5.0138841506103593e-02    9.2923799531281093e-03
    20.00     1.185    3.2911060824888594e-02    7.2927578115650074e-03
    22.00     1.340    2.0165485806815958e-02    5.0235132368265916e-03
    24.00     1.495    1.2312010162308634e-02    3.4149999291871441e-03
    26.00     1.649    8.2663912185081158e-03    2.0099560147935507e-03
    28.00     1.806    6.6812263022972499e-03    1.0613827730059980e-03
    30.00     1.962    5.8819842250837301e-03    6.2823263049873877e-04
    32.00     2.117    5.3502101757612643e-03    5.3055128203318368e-04
    34.00     2.272    5.1870725122018600e-03    4.5039635313461605e-04
    36.00     2.426    5.0151125117245425e-03    4.2905657630333956e-04
    38.00     2.581    4.7645426497087383e-03    2.8482604642925743e-04
    40.00     2.738    4.6675177407196058e-03    2.3154073521028146e-04
    42.00     2.893    4.6003880247693337e-03    1.8198812641013126e-04
    44.00     3.048    4.4981638963469961e-03    2.1824855785659850e-04
    46.00     3.204    4.4406355528497860e-03    2.1712948623528469e-04
    48.00     3.358    4.4064253998128099e-03    1.6445557148590863e-04
    50.00     3.512    4.3468215196027730e-03    1.5881803091843331e-04
    52.00     3.666    4.3204767010259415e-03    1.7720429392908095e-04
    54.00     3.821    4.3008196472659691e-03    1.7705882356510759e-04
    56.00     3.977    4.2400229528077090e-03    1.2218386298053197e-04
    58.00     4.130    4.1785340832831116e-03    1.6045056614686485e-04
    60.00     4.285    4.1676059768799827e-03    1.4433282480490073e-04
    62.00     4.439    4.1430225263139817e-03    1.0118450768222902e-04
    64.00     4.594    4.1110553484936070e-03    1.0131446035935754e-04
    66.00     4.748    4.1051035789912947e-03    9.3229839967329576e-05
    68.00     4.904    4.0964671494224010e-03    8.3083897057206651e-05
    70.00     5.060    4.0616198299026941e-03    7.0518839938028003e-05
    72.00     5.219    4.0299811317678390e-03    7.7398994639040882e-05
    74.00     5.374    4.0259509932819276e-03    6.7694747705384986e-05
    76.00     5.528    4.0153162380082213e-03    6.1376057233492024e-05
    78.00     5.683    3.9936262119815973e-03    7.5424854775832243e-05
    80.00     5.839    3.9871743011769449e-03    6.5052973609294599e-05
    82.00     5.994    3.9827028834046744e-03    5.5074899706397371e-05
    84.00     6.149    3.9673294150549205e-03    4.2132233785648856e-05
    86.00     6.305    3.9566534230133640e-03    5.1434848061718712e-05
    88.00     6.462    3.9553324428642980e-03    5.7488855865504481e-05
    90.00     6.616    3.9505216551145340e-03    5.1619315453090687e-05
    92.00     6.770    3.9364159601887935e-03    5.5171119774682344e-05
    94.00     6.923    3.9296472835779524e-03    5.3907154274910688e-05
    96.00     7.078    3.9281988225754860e-03    4.1522264257218822e-05
    98.00     7.232    3.9228738885221407e-03    3.8372143864073179e-05
   100.00     7.388    3.9165700264569454e-03    4.3412915444488772e-05
   102.00     7.542    3.9154230057562960e-03    3.7041190269334136e-05
   104.00     7.697    3.9126540958763526e-03    3.5101450212373338e-05
   106.00     7.851    3.9039113023725432e-03    4.4615546035250881e-05
   108.00     8.004    3.8993905778021195e-03    3.5281406065923341e-05
   110.00     8.160    3.8989921445281486e-03    3.1450466043996721e-05
   112.00     8.315    3.8972407059577512e-03    3.0522343948762690e-05
   114.00     8.470    3.8914843178172076e-03    3.6889403765257853e-05
   116.00     8.626    3.8882516337675243e-03    4.0777839610112080e-05
   118.00     8.782    3.8879290735052792e-03    3.6707087352273499e-05
   120.00     8.937    3.8866466677085331e-03    2.5102143569996892e-05
   122.00     9.092    3.8831633548979142e-03    2.8116786753728666e-05
   124.00     9.246    3.8817515571726311e-03    2.4529041001838747e-05
   126.00     9.402    3.8813898574486319e-03    2.0447435188066901e-05
   128.00     9.559    3.8798811713832079e-03    1.9753926256346822e-05
   130.00     9.714    3.8778192733368035e-03    2.1527419481362429e-05
   132.00     9.871    3.8774954241514474e-03    2.2834638377071110e-05
   134.00    10.028    3.8770412754146532e-03    2.0610879355818726e-05
   136.00    10.184    3.8753542405395832e-03    2.5014321276751501e-05
   138.00    10.339    3.8740749677372999e-03    1.7877161141173957e-05
   140.00    10.494    3.8739175921650316e-03    1.4364867512053372e-05
   142.00    10.650    3.8734002556464822e-03    1.4677812945739296e-05
   144.00    10.806    3.8722471298676003e-03    1.8035956941615880e-05
   146.00    10.963    3.8718995787840552e-03    1.5420761757723213e-05
   148.00    11.118    3.8717269449262898e-03    1.4612579822495178e-05
   150.00    11.273    3.8709324573504081e-03    1.9463318075498787e-05
   152.00    11.428    3.8697912685114349e-03    1.2309644960970393e-05
   154.00    11.583    3.8696356784463370e-03    9.8596512521281023e-06
   156.00    11.738    3.8695368087443981e-03    8.8840926318495413e-06
   158.00    11.895    3.8690628429564082e-03    1.2701857838704103e-05
   160.00    12.051    3.8683622844414033e-03    1.4640575714572375e-05
   162.00    12.206    3.8682601473019832e-03    1.0744058289525629e-05
   164.00    12.362    3.8681799896892449e-03    7.6776842510555433e-06
   166.00    12.518    3.8678058360752440e-03    9.6935230534484304e-06
   168.00    12.673    3.8672982563114919e-03    7.3257289617134054e-06
   170.00    12.828    3.8672379066227447e-03    5.8493631517042115e-06
   172.00    12.984    3.8672006304710880e-03    5.7659904852274856e-06
   174.00    13.139    3.8669997975440615e-03    8.5049465586029750e-06
   176.00    13.294    3.8665626933406701e-03    7.8559736976981843e-06
   178.00    13.449    3.8664567087984296e-03    5.3092001328804890e-06
   180.00    13.605    3.8664402278220746e-03    5.0659872250837860e-06
   182.00    13.760    3.8663529772271048e-03    5.1763971175006089e-06
   184.00    13.918    3.8661258289727682e-03    5.2718636826813063e-06
   186.00    14.073    3.8660491639416357e-03    4.2432564158917339e-06
   188.00    14.228    3.8660414233681450e-03    3.4325650866768866e-06
   190.00    14.384    3.8660001645370997e-03    3.6067639247319160e-06
   192.00    14.538    3.8658463771800719e-03    5.3508851730377270e-06
   194.00    14.694    3.8657363902027580e-03    4.4779300498693760e-06
   196.00    14.848    3.8657294444172964e-03    3.4740083206298111e-06
   198.00    15.003    3.8657124140807709e-03    3.1478551228799173e-06
   200.00    15.158    3.8656466761231864e-03    3.2831530146401657e-06
   202.00    15.314    3.8655946579787548e-03    3.1098776536305603e-06
   204.00    15.468    3.8655904884090635e-03    2.5715639112657406e-06
   206.00    15.623    3.8655796226644548e-03    1.7656134806962461e-06
   208.00    15.778    3.8655357199545493e-03    2.6342755576324969e-06
   210.00    15.934    3.8654969992479729e-03    2.5595062101096070e-06
   212.00    16.090    3.8654940037097744e-03    2.2548202279512864e-06
   214.00    16.246    3.8654884443774179e-03    2.2606899833446848e-06
   216.00    16.403    3.8654632971466536e-03    2.0375076690328439e-06
   218.00    16.557    3.8654332985249480e-03    2.1847519818529851e-06
   220.00    16.712    3.8654303824037072e-03    1.7762113264147495e-06
   222.00    16.870    3.8654282389901659e-03    1.7728789508568091e-06
   224.00    17.025    3.8654171415101277e-03    1.5633434030320152e-06
   226.00    17.181    3.8653964896954028e-03    1.8847454691116834e-06
   228.00    17.338    3.8653926651703290e-03    1.2017591252378231e-06
   230.00    17.493    3.8653917913950599e-03    1.0854742806716898e-06
   232.00    17.649    3.8653871578632464e-03    8.6498735786656686e-07
   234.00    17.805    3.8653765560766650e-03    1.4842202812055024e-06
   236.00    17.962    3.8653736566427238e-03    1.2103591579023970e-06
   238.00    18.118    3.8653731042782432e-03    8.8845814225075567e-07
   240.00    18.274    3.8653701436332181e-03    9.1913481493707561e-07
   242.00    18.428    3.8653620461402928e-03    1.1463296987711111e-06
   244.00    18.584    3.8653590645235307e-03    5.8671235810873168e-07
   246.00    18.740    3.8653588767903935e-03    6.4444775433744473e-07
   248.00    18.896    3.8653579271718096e-03    7.7513425257597197e-07
   250.00    19.052    3.8653538204117977e-03    9.3653026870593965e-07
   252.00    19.210    3.8653495546165091e-03    4.4915340982405437e-07
   254.00    19.364    3.8653492374398366e-03    3.5675065769997169e-07
   256.00    19.518    3.8653490272615968e-03    3.6802226423637893e-07
   258.00    19.675    3.8653478549126315e-03    4.3692780709649206e-07
   260.00    19.831    3.8653450041147269e-03    5.2147765046719037e-07
   262.00    19.987    3.8653441685623847e-03    3.7679152379943668e-07
   264.00    20.144    3.8653441019478136e-03    2.9403015958783736e-07
