    epoch   elapsed                       val                 norm_grad
     0.00     0.000    6.9314718056004021e-01    2.0224027572624326e-01
     1.00     0.017    1.6566017336746133e-02    3.8669716177591740e-04
     2.00     0.026    1.4104823017821981e-02    5.8265879458737485e-04
     3.00     0.039    1.3069350592541426e-02    4.7983672537579641e-04
     4.00     0.049    1.2574938557443620e-02    7.6877117329061939e-04
     5.00     0.059    1.2099952611679746e-02    1.9489010120897921e-04
     6.00     0.075    1.2056600876935025e-02    1.0529146979334318e-03
     7.00     0.085    1.1792219069748524e-02    6.3696390965667718e-04
     8.00     0.102    1.1583194169027191e-02    2.0654609587202944e-04
     9.00     0.114    1.1520637635672662e-02    4.8845611257065610e-04
    10.00     0.132    1.1496780626303290e-02    5.7269275516189447e-04
    11.00     0.143    1.1404497443618194e-02    3.9907450021040361e-04
    12.00     0.154    1.1333629784745699e-02    3.0038152997957819e-04
    13.00     0.165    1.1314460247574506e-02    2.9208208024979893e-04
    14.00     0.175    1.1264402757917520e-02    3.6947278188193791e-04
    15.00     0.192    1.1287065860417857e-02    6.6817729220137231e-04
    16.00     0.202    1.1238466258821944e-02    5.3853924691921618e-04
    17.00     0.218    1.1231697987839712e-02    6.1492948204755309e-04
    18.00     0.230    1.1168695457276501e-02    1.8161938885393283e-04
    19.00     0.244    1.1194866077021096e-02    4.9815192450919019e-04
    20.00     0.255    1.1174830232947418e-02    6.1108076859542337e-04
    21.00     0.266    1.1125395612988817e-02    4.4630386390550952e-04
    22.00     0.277    1.1097143991167419e-02    1.7788890256452178e-04
    23.00     0.291    1.1113570213539245e-02    4.1262423639821556e-04
    24.00     0.307    1.1101679011851587e-02    5.2127666226692163e-04
    25.00     0.317    1.1066579092613330e-02    1.8323566194207344e-04
    26.00     0.333    1.1061313029580022e-02    3.2211738756763404e-04
    27.00     0.344    1.1050426735859807e-02    1.8018899201189636e-04
    28.00     0.359    1.1061058725094185e-02    4.0691800010644354e-04
    29.00     0.370    1.1047552238262343e-02    3.7199084356108166e-04
    30.00     0.380    1.1025393776611592e-02    3.0392008441061603e-04
    31.00     0.395    1.1017198192451517e-02    3.1093467698480363e-04
    32.00     0.405    1.1008561892764300e-02    2.2301855644921934e-04
    33.00     0.421    1.0999948500467807e-02    2.0714958343960761e-04
    34.00     0.432    1.0999461329065589e-02    2.3049051631434379e-04
    35.00     0.449    1.1003273994280575e-02    4.5179442601904376e-04
    36.00     0.460    1.1018304917691023e-02    4.4596137756071569e-04
    37.00     0.471    1.0978130078823024e-02    2.3189689716117921e-04
    38.00     0.485    1.0975841464490979e-02    2.7851201072822459e-04
    39.00     0.495    1.0970052837795423e-02    2.6430999765729110e-04
    40.00     0.511    1.0959562090819103e-02    1.9978947833958335e-04
    41.00     0.521    1.0954035809778107e-02    1.9312880776884556e-04
    42.00     0.536    1.0955392643360585e-02    2.1589602342474363e-04
    43.00     0.549    1.0992869822289794e-02    4.8999682883757792e-04
    44.00     0.561    1.0943131985774955e-02    1.9881948864006063e-04
    45.00     0.577    1.0968460766410230e-02    4.0227804417634211e-04
    46.00     0.589    1.0941780727981913e-02    2.7664636594647697e-04
    47.00     0.602    1.0937645580603143e-02    2.4350214358186822e-04
    48.00     0.613    1.0933797443904531e-02    3.1738819541262558e-04
    49.00     0.628    1.0949184637363996e-02    4.3590270068316920e-04
    50.00     0.639    1.0933999606349607e-02    2.7377233972061517e-04
    51.00     0.654    1.0923048360277335e-02    1.8514874617853053e-04
    52.00     0.666    1.0921281021865839e-02    1.7377288249234709e-04
    53.00     0.685    1.0958163601280204e-02    4.7040668861013206e-04
    54.00     0.704    1.0931135870477698e-02    3.3544697599818688e-04
    55.00     0.719    1.0933211190409296e-02    2.2696771275535713e-04
    56.00     0.729    1.0917019832565846e-02    2.3478203015146379e-04
    57.00     0.745    1.0916897731167005e-02    2.6781781346200441e-04
    58.00     0.756    1.0910681817579697e-02    1.9336646884199208e-04
    59.00     0.771    1.0904806033176246e-02    2.1866762876849454e-04
    60.00     0.782    1.0915891758259296e-02    3.0391987020403442e-04
    61.00     0.792    1.0903568065494432e-02    2.3209048568960551e-04
    62.00     0.807    1.0902597287368912e-02    3.2375172401150109e-04
    63.00     0.817    1.0896526323368023e-02    1.4875704107278082e-04
    64.00     0.833    1.0901194953459890e-02    3.3960419704848384e-04
    65.00     0.845    1.0893796012323355e-02    1.7353015263521922e-04
    66.00     0.860    1.0892062640195984e-02    1.8906998698460151e-04
    67.00     0.871    1.0892104095307109e-02    2.1146308938820385e-04
    68.00     0.883    1.0888531211002632e-02    1.6233221465256488e-04
    69.00     0.894    1.0907260759429204e-02    4.2710982227499913e-04
    70.00     0.903    1.0916595492589594e-02    4.2361499034721320e-04
    71.00     0.920    1.0882669269727448e-02    2.0429804203848446e-04
    72.00     0.929    1.0880723985697017e-02    1.9062827765591863e-04
    73.00     0.945    1.0878908457340625e-02    1.7694881292841275e-04
    74.00     0.955    1.0878791310458122e-02    1.8312311191844059e-04
    75.00     0.965    1.0880759073976332e-02    3.0189297648482800e-04
    76.00     0.981    1.0881128350784208e-02    2.8452308787020185e-04
    77.00     0.991    1.0877753506781005e-02    2.0063084938467222e-04
    78.00     1.006    1.0875970531895190e-02    1.9464054924615799e-04
    79.00     1.016    1.0878139437032461e-02    2.6183282375044767e-04
    80.00     1.027    1.0877787864972349e-02    2.8762096718583212e-04
    81.00     1.040    1.0870978544775180e-02    1.5867367471075560e-04
    82.00     1.050    1.0876084316856554e-02    2.7296760800832364e-04
    83.00     1.066    1.0868527723308964e-02    1.5598526836392069e-04
    84.00     1.076    1.0869736865371904e-02    2.1647637050813996e-04
    85.00     1.090    1.0880319296609216e-02    3.4062592139163465e-04
    86.00     1.100    1.0864096140493273e-02    1.6243041698945206e-04
    87.00     1.112    1.0862646868084205e-02    1.9832067741896618e-04
    88.00     1.127    1.0867390580140020e-02    2.8059366112344461e-04
    89.00     1.138    1.0876238804566184e-02    3.8974249229075894e-04
    90.00     1.154    1.0859836437571350e-02    1.9525272636683748e-04
    91.00     1.164    1.0859278117559486e-02    2.5618533281046595e-04
    92.00     1.179    1.0858771825575143e-02    2.7196099803424478e-04
    93.00     1.189    1.0856528324346262e-02    2.1917617690292847e-04
    94.00     1.199    1.0854481970441560e-02    1.6744633269763246e-04
    95.00     1.215    1.0855402858075378e-02    2.0226838223469162e-04
    96.00     1.225    1.0855721231420770e-02    1.8563859367038061e-04
    97.00     1.240    1.0854504960652928e-02    2.4432104312014367e-04
    98.00     1.250    1.0854551203775837e-02    2.2396179531253150e-04
    99.00     1.260    1.0854088644782446e-02    2.3798547522981494e-04
   100.00     1.273    1.0849198905046426e-02    2.2268708488310223e-04
   101.00     1.283    1.0847859478049747e-02    1.8457554708942248e-04
   102.00     1.299    1.0853322514026485e-02    2.5680221374182457e-04
   103.00     1.310    1.0847761472982866e-02    2.2947173130982051e-04
   104.00     1.324    1.0845400799756384e-02    2.1417880159185640e-04
   105.00     1.335    1.0843184219241455e-02    1.9119433518221624e-04
   106.00     1.345    1.0844105086993655e-02    2.4991154865509164e-04
   107.00     1.360    1.0842336211535485e-02    1.7619981963018711e-04
   108.00     1.370    1.0845651254867151e-02    2.4158558959296245e-04
   109.00     1.386    1.0843274401235968e-02    2.0358238241674053e-04
   110.00     1.397    1.0844815827650286e-02    2.6436664863547414e-04
   111.00     1.411    1.0836900245407007e-02    1.5609673108569994e-04
   112.00     1.421    1.0836146990482484e-02    1.8854612147260730e-04
   113.00     1.431    1.0844353893859834e-02    3.2778921636656203e-04
   114.00     1.447    1.0842109540691664e-02    2.6966390431064401e-04
   115.00     1.457    1.0836126354460391e-02    2.3303178033099955e-04
   116.00     1.472    1.0833104224991182e-02    1.8267672764828548e-04
   117.00     1.483    1.0833152565606520e-02    1.9599117859809027e-04
   118.00     1.493    1.0836013971258720e-02    2.6607931655293405e-04
   119.00     1.507    1.0842145415848093e-02    3.0483842941861307e-04
   120.00     1.517    1.0832739909857291e-02    1.5999968180842750e-04
   121.00     1.533    1.0830536004925175e-02    1.4604501021533490e-04
   122.00     1.544    1.0863593625448146e-02    4.6020122216666997e-04
   123.00     1.558    1.0833588755712206e-02    2.5012943786088468e-04
   124.00     1.571    1.0826805353749048e-02    1.7121793641734117e-04
   125.00     1.584    1.0826685324689366e-02    1.7308518488307436e-04
   126.00     1.595    1.0826195748965907e-02    1.6345086603522497e-04
   127.00     1.605    1.0826385622207682e-02    2.0030671137909596e-04
   128.00     1.621    1.0831747914643529e-02    2.9164608610388130e-04
   129.00     1.631    1.0824694255922628e-02    1.7173029732262148e-04
   130.00     1.647    1.0825685190719178e-02    2.0639167727383705e-04
   131.00     1.657    1.0823915470882840e-02    1.5434275050601911e-04
   132.00     1.668    1.0824186776846344e-02    1.6803063391795302e-04
   133.00     1.682    1.0829415999551995e-02    2.7535697962632411e-04
   134.00     1.692    1.0822679260372059e-02    2.0773862866557452e-04
   135.00     1.708    1.0821550628314254e-02    1.8444091637768480e-04
   136.00     1.718    1.0818508034911831e-02    1.8934038100784081e-04
   137.00     1.734    1.0819118586388014e-02    1.9670646746384703e-04
   138.00     1.745    1.0816131242233271e-02    1.7050252808030876e-04
   139.00     1.755    1.0820839826490042e-02    2.6808352246216458e-04
   140.00     1.769    1.0815096361869447e-02    1.5013388922035706e-04
   141.00     1.780    1.0818055218040364e-02    2.3126708720496228e-04
   142.00     1.796    1.0814725246091788e-02    1.7216798152447040e-04
   143.00     1.806    1.0815874927238692e-02    2.1465836551931637e-04
   144.00     1.821    1.0832501310516272e-02    3.5167428685167756e-04
   145.00     1.831    1.0817045083687670e-02    1.5271878740302802e-04
   146.00     1.841    1.0818023948237323e-02    2.2659490949748421e-04
   147.00     1.857    1.0816034081131817e-02    2.1189153225432524e-04
   148.00     1.867    1.0815008713224068e-02    2.5470838859842988e-04
   149.00     1.883    1.0811300497774623e-02    1.4816980138267254e-04
   150.00     1.894    1.0816410734446016e-02    2.5415663379771544e-04
   151.00     1.909    1.0820836553434392e-02    2.8485195346577164e-04
   152.00     1.921    1.0809748693102427e-02    1.8262807250644789e-04
   153.00     1.936    1.0807273431190560e-02    1.4433470361275083e-04
   154.00     1.947    1.0809202946201101e-02    2.1918622629082648e-04
   155.00     1.959    1.0813876269958412e-02    2.6005440699444944e-04
   156.00     1.972    1.0811731359024187e-02    2.5628436549818973e-04
   157.00     1.982    1.0807557706327485e-02    2.2777970223531417e-04
   158.00     1.999    1.0804685886439517e-02    2.0268271804830293e-04
   159.00     2.009    1.0808301479266078e-02    2.7940242853219388e-04
   160.00     2.023    1.0805366523719821e-02    1.6836979726483621e-04
   161.00     2.034    1.0804796228664029e-02    1.6532740219080740e-04
   162.00     2.044    1.0802895320662250e-02    1.4364412756955307e-04
   163.00     2.060    1.0802142949671110e-02    1.5643002545404349e-04
   164.00     2.071    1.0809526642751956e-02    2.5728318111061486e-04
   165.00     2.086    1.0800368998035643e-02    1.3411469327024984e-04
   166.00     2.097    1.0799948491450837e-02    1.4620017057152238e-04
   167.00     2.110    1.0802679491155397e-02    2.2521207918282308e-04
   168.00     2.121    1.0803489350945418e-02    2.4244907543705813e-04
   169.00     2.131    1.0801007389542072e-02    1.9901218746774731e-04
   170.00     2.147    1.0799117117420272e-02    1.3658551153979777e-04
   171.00     2.158    1.0801594527168487e-02    2.4158819432464193e-04
   172.00     2.174    1.0800613517203555e-02    2.2856581328481798e-04
   173.00     2.184    1.0798134436138846e-02    2.0190845528077802e-04
   174.00     2.196    1.0795812384609738e-02    1.3622657435396422e-04
   175.00     2.208    1.0795033282230991e-02    1.7200770512719118e-04
   176.00     2.218    1.0796638591643133e-02    2.0990865701996054e-04
   177.00     2.234    1.0794571333265045e-02    1.7462629411415723e-04
   178.00     2.245    1.0797985791118254e-02    2.5201877277598655e-04
   179.00     2.260    1.0801162458023648e-02    3.2316994344442360e-04
   180.00     2.271    1.0794493041294886e-02    2.1277327613003608e-04
   181.00     2.285    1.0793187803155547e-02    1.4326687605978870e-04
   182.00     2.296    1.0793105466703411e-02    2.2323497286351045e-04
   183.00     2.307    1.0792354907729264e-02    2.0054156534485640e-04
   184.00     2.325    1.0791767221714925e-02    1.6841642772852676e-04
   185.00     2.337    1.0793132383493526e-02    1.8240242690256031e-04
   186.00     2.354    1.0790078839978314e-02    2.1512603027085993e-04
   187.00     2.365    1.0789807672693739e-02    1.2894201720176342e-04
   188.00     2.381    1.0790729299434192e-02    2.5095366305134624e-04
   189.00     2.393    1.0789948646070430e-02    1.9162294732191320e-04
   190.00     2.408    1.0792452387974579e-02    2.7032056211375452e-04
   191.00     2.420    1.0787888963615964e-02    1.5793641193058894e-04
   192.00     2.436    1.0787106600361536e-02    1.9212343702076397e-04
   193.00     2.446    1.0788438890117109e-02    1.7845492082111308e-04
   194.00     2.457    1.0787515887366496e-02    1.7172271568951277e-04
   195.00     2.472    1.0786292837242356e-02    1.4536160892792858e-04
   196.00     2.482    1.0786122913596024e-02    1.3875491598504920e-04
   197.00     2.499    1.0787692771800078e-02    2.0038052948982525e-04
   198.00     2.510    1.0784753086798759e-02    1.6892256088974389e-04
   199.00     2.526    1.0783909805836586e-02    1.7094690284241774e-04
   200.00     2.537    1.0783628948891139e-02    2.0231786160219360e-04
   201.00     2.549    1.0784716960651636e-02    2.1005745858652708e-04
   202.00     2.561    1.0784172158602150e-02    1.8596957577178834e-04
   203.00     2.573    1.0784208456507129e-02    2.2218098091277385e-04
   204.00     2.587    1.0783002625993300e-02    2.1476730907012066e-04
   205.00     2.598    1.0783286765412771e-02    1.7082324962191793e-04
   206.00     2.615    1.0781255451279753e-02    2.0193967768955263e-04
   207.00     2.625    1.0780796965207685e-02    1.3567868879818816e-04
   208.00     2.641    1.0780039920403134e-02    1.4543483502409935e-04
   209.00     2.651    1.0784388159794477e-02    2.7119118756675754e-04
   210.00     2.666    1.0780162167592259e-02    1.6992084642566510e-04
   211.00     2.677    1.0780028703482035e-02    1.5788846096787451e-04
   212.00     2.689    1.0779387606771535e-02    2.1111788106288691e-04
   213.00     2.704    1.0778461892380117e-02    1.2407635663971807e-04
   214.00     2.714    1.0778499624068459e-02    1.8022490522662393e-04
   215.00     2.731    1.0779888705914904e-02    2.0565534873613471e-04
   216.00     2.742    1.0778548621020789e-02    9.7082081750119738e-05
   217.00     2.758    1.0778171781772006e-02    2.3276170534711682e-04
   218.00     2.768    1.0777431440804810e-02    1.4060859128779501e-04
   219.00     2.781    1.0776587532112764e-02    1.8883492778990320e-04
   220.00     2.793    1.0778229189005270e-02    2.6782221017946143e-04
   221.00     2.805    1.0778687934176853e-02    1.7605851709933795e-04
   222.00     2.817    1.0778876205129476e-02    1.9602668152108715e-04
   223.00     2.830    1.0776444479668976e-02    2.3851589335572632e-04
   224.00     2.846    1.0779270687976463e-02    2.7923531460554243e-04
   225.00     2.856    1.0776154971882234e-02    2.1381573748141959e-04
   226.00     2.872    1.0775706629575013e-02    1.5011585460389908e-04
   227.00     2.883    1.0774123185895913e-02    2.0009088019823861e-04
   228.00     2.895    1.0774043287931058e-02    1.4627354185994010e-04
   229.00     2.906    1.0773601520638280e-02    1.3713673645563009e-04
   230.00     2.916    1.0772241388479823e-02    1.5107518434480383e-04
   231.00     2.932    1.0771668400812565e-02    1.2624001976529166e-04
   232.00     2.943    1.0771738038200307e-02    1.4347933760911380e-04
   233.00     2.958    1.0771416724501185e-02    1.4880355221787254e-04
   234.00     2.968    1.0770537307398909e-02    1.5058937691356418e-04
   235.00     2.979    1.0769703989040980e-02    1.2637259268083901e-04
   236.00     2.993    1.0769418633856784e-02    1.6099292401567771e-04
   237.00     3.004    1.0772797911401507e-02    2.6734677366046172e-04
   238.00     3.021    1.0771655126199584e-02    2.3741057640947090e-04
   239.00     3.032    1.0768905351294043e-02    1.5200969088088206e-04
   240.00     3.048    1.0769795035292528e-02    1.6636982777996771e-04
   241.00     3.059    1.0768677872369285e-02    1.4166811091781938e-04
   242.00     3.074    1.0779089096279858e-02    3.1408408918550106e-04
   243.00     3.084    1.0770108086553085e-02    2.0334110731903653e-04
   244.00     3.095    1.0767319412021078e-02    2.0490480946413022e-04
   245.00     3.109    1.0767309069037964e-02    1.5679519206955952e-04
   246.00     3.119    1.0766000310596928e-02    1.7510342645041634e-04
   247.00     3.136    1.0766430044240074e-02    1.8182528957509832e-04
   248.00     3.146    1.0766302812608798e-02    2.1621623254710731e-04
   249.00     3.160    1.0765835943974256e-02    1.7783001131599382e-04
   250.00     3.171    1.0764812053484077e-02    1.6453810924461237e-04
   251.00     3.182    1.0765201477936127e-02    1.6639881367549677e-04
   252.00     3.198    1.0766047966029814e-02    2.0094962893092358e-04
   253.00     3.208    1.0764904572606837e-02    1.9285473254519975e-04
   254.00     3.224    1.0765568501355292e-02    1.9727416595153975e-04
   255.00     3.236    1.0764336356805695e-02    1.7093412754738349e-04
   256.00     3.251    1.0763449602860955e-02    1.8296788078668255e-04
   257.00     3.264    1.0764296526879597e-02    2.0568547454733876e-04
   258.00     3.276    1.0762285999853322e-02    1.6760243985082101e-04
   259.00     3.287    1.0763569127242571e-02    2.1352900326138916e-04
   260.00     3.297    1.0761866711512975e-02    1.3072102565331520e-04
   261.00     3.313    1.0761433202214576e-02    2.0970648915682002e-04
   262.00     3.323    1.0761851530833373e-02    1.5336192425375369e-04
   263.00     3.338    1.0765273651136609e-02    2.8331092865661368e-04
   264.00     3.349    1.0761939211968006e-02    1.9899610497947455e-04
   265.00     3.360    1.0760195768838297e-02    1.7784905268697322e-04
   266.00     3.374    1.0761000168908319e-02    2.1380955343915895e-04
   267.00     3.385    1.0759420422787087e-02    1.0554621390739417e-04
   268.00     3.401    1.0759732277598431e-02    2.1114633563829933e-04
   269.00     3.413    1.0758867546823422e-02    1.7940512646673644e-04
   270.00     3.430    1.0758840939347526e-02    1.2439125684087844e-04
   271.00     3.441    1.0758311434199986e-02    1.2691655812534371e-04
   272.00     3.456    1.0760208027252170e-02    2.3196679707278821e-04
   273.00     3.467    1.0762564141368341e-02    2.8405713510099766e-04
   274.00     3.478    1.0758600529698797e-02    1.3826923479534755e-04
   275.00     3.492    1.0760792627584916e-02    1.9583321274486390e-04
   276.00     3.502    1.0757428357239843e-02    1.6779431627558222e-04
   277.00     3.519    1.0756598556184587e-02    1.9375886509368732e-04
   278.00     3.530    1.0756503162074417e-02    2.1762225987142250e-04
   279.00     3.545    1.0756754959978420e-02    1.3507032158249386e-04
   280.00     3.556    1.0756729332779368e-02    2.3638586911318841e-04
   281.00     3.569    1.0756067738773925e-02    1.2146171554910502e-04
   282.00     3.581    1.0758938162076924e-02    2.4970292087711119e-04
   283.00     3.592    1.0755012293325853e-02    1.7154727745504887e-04
   284.00     3.608    1.0755094809904666e-02    1.4321005477197394e-04
   285.00     3.620    1.0755723486492584e-02    2.2869659716390418e-04
   286.00     3.636    1.0755266430918061e-02    1.9098287107137586e-04
   287.00     3.647    1.0754392246004062e-02    1.2353695723689082e-04
   288.00     3.663    1.0754059905009277e-02    1.6486357742442071e-04
   289.00     3.673    1.0755818240137020e-02    2.5495787071485259e-04
   290.00     3.686    1.0755010462099141e-02    1.9706520372790538e-04
   291.00     3.698    1.0753664160802921e-02    1.9264187169873383e-04
   292.00     3.709    1.0754567282667523e-02    2.1151789124214957e-04
   293.00     3.724    1.0752456688933567e-02    1.7678398756234699e-04
   294.00     3.735    1.0752935797136895e-02    2.0862002851400926e-04
   295.00     3.753    1.0751408884816379e-02    1.7237810559651929e-04
   296.00     3.764    1.0751113777216060e-02    1.3643545461456912e-04
   297.00     3.780    1.0750916319589587e-02    1.3857110172833543e-04
   298.00     3.790    1.0750997449714139e-02    1.9211751130782166e-04
   299.00     3.802    1.0751788829282974e-02    2.3373096436074125e-04
   300.00     3.814    1.0750714782015440e-02    1.5254999081587187e-04
   301.00     3.824    1.0750368701539843e-02    1.4506858221001960e-04
   302.00     3.840    1.0750410895341150e-02    1.6959963194904007e-04
   303.00     3.850    1.0751319177487312e-02    2.5227274767011842e-04
   304.00     3.866    1.0749323361648185e-02    1.9362388374159209e-04
   305.00     3.877    1.0748947080215440e-02    1.6889304973131052e-04
   306.00     3.888    1.0749402022151546e-02    2.0399381864570599e-04
   307.00     3.900    1.0747839373165525e-02    1.0109019997391867e-04
   308.00     3.911    1.0748417873424333e-02    1.6975389518632939e-04
   309.00     3.927    1.0748144360728858e-02    1.3774914819945499e-04
   310.00     3.937    1.0748726398972711e-02    2.0601035728009601e-04
   311.00     3.953    1.0748742334670353e-02    1.7079849896816957e-04
   312.00     3.963    1.0747270788882764e-02    1.5767828344112841e-04
   313.00     3.974    1.0746836932778718e-02    1.4757315130307271e-04
   314.00     3.988    1.0746811990091440e-02    2.1254310028302962e-04
   315.00     3.999    1.0748483939187609e-02    2.4242537021045560e-04
   316.00     4.017    1.0747089594131499e-02    1.4166254759859003e-04
   317.00     4.027    1.0746094939252986e-02    1.5404343042017582e-04
   318.00     4.043    1.0746976126524758e-02    1.7926291626543366e-04
   319.00     4.054    1.0747023778004086e-02    2.4742376114296325e-04
   320.00     4.069    1.0745471277364296e-02    1.3400217487645266e-04
   321.00     4.080    1.0745228621438828e-02    2.0134866558665706e-04
   322.00     4.092    1.0745648789175232e-02    2.2894223777426517e-04
   323.00     4.107    1.0744589399695382e-02    1.6034566502397526e-04
   324.00     4.117    1.0745218302364872e-02    1.6676534867762869e-04
   325.00     4.134    1.0744061572248741e-02    1.6560904660281958e-04
   326.00     4.144    1.0746000645503191e-02    2.4818646321540197e-04
   327.00     4.159    1.0743618987735095e-02    1.2127358325695470e-04
   328.00     4.173    1.0743217534500960e-02    2.0385673505587791e-04
   329.00     4.187    1.0743584445250016e-02    1.9057916877081462e-04
   330.00     4.198    1.0743117287268650e-02    1.2157874894329000e-04
   331.00     4.209    1.0743315711566582e-02    1.6404651804944231e-04
   332.00     4.224    1.0742497043129618e-02    1.4315333487666484e-04
   333.00     4.234    1.0742589688060418e-02    1.4641214673446676e-04
   334.00     4.250    1.0744923682499796e-02    2.0797428294685115e-04
   335.00     4.261    1.0741874583582996e-02    1.7552502725100397e-04
   336.00     4.275    1.0741413099413441e-02    1.4643786787364268e-04
   337.00     4.286    1.0741372817127356e-02    1.6629077240157684e-04
   338.00     4.297    1.0740940746741291e-02    1.1941343617001614e-04
   339.00     4.312    1.0740634763198625e-02    1.6552919309633228e-04
   340.00     4.322    1.0740304010709864e-02    1.9163557702623420e-04
   341.00     4.338    1.0740455912474176e-02    1.8772250369760818e-04
   342.00     4.348    1.0740771846181787e-02    1.7071997556118083e-04
   343.00     4.364    1.0739745209421335e-02    1.8496804587671875e-04
   344.00     4.374    1.0739455697037176e-02    1.4866064666668776e-04
   345.00     4.384    1.0740805771883501e-02    2.4808547364359808e-04
   346.00     4.399    1.0740493779024456e-02    2.4920586850952922e-04
   347.00     4.410    1.0740449340204749e-02    1.5297025335025255e-04
   348.00     4.426    1.0739219652743451e-02    2.1213560581306444e-04
   349.00     4.437    1.0739131835367937e-02    1.9954127358931829e-04
   350.00     4.452    1.0738742599811476e-02    1.8288389152248773e-04
   351.00     4.463    1.0738081274260529e-02    1.7979764020207954e-04
   352.00     4.476    1.0739216647020714e-02    2.5379295331240398e-04
   353.00     4.488    1.0740284305813162e-02    2.6389866870763369e-04
   354.00     4.500    1.0737753972415677e-02    1.7612891643591590e-04
   355.00     4.515    1.0738131599773989e-02    1.1966483006419903e-04
   356.00     4.526    1.0737190427116815e-02    1.3939891959618902e-04
   357.00     4.543    1.0737552841145283e-02    1.4313610091088586e-04
   358.00     4.553    1.0737434851171266e-02    1.6301654924123874e-04
   359.00     4.569    1.0736538635399015e-02    1.7716484588505151e-04
   360.00     4.579    1.0736775347054209e-02    1.7465205785974672e-04
   361.00     4.592    1.0735920360311315e-02    1.7122675203249757e-04
   362.00     4.602    1.0735243011628620e-02    1.6284625046160747e-04
   363.00     4.614    1.0736192441092449e-02    1.7874519719182223e-04
   364.00     4.630    1.0735994481319330e-02    1.7205443273772439e-04
   365.00     4.640    1.0734941548947653e-02    1.8594921428398881e-04
   366.00     4.657    1.0736295577306021e-02    2.0030545459541937e-04
   367.00     4.667    1.0734459334355283e-02    1.7817580082553076e-04
   368.00     4.682    1.0733887429551288e-02    1.7534717127802764e-04
   369.00     4.693    1.0733977398579991e-02    1.6496023220027633e-04
   370.00     4.703    1.0733764777300227e-02    1.5496112501984022e-04
   371.00     4.718    1.0734252298822359e-02    1.7853302372504789e-04
   372.00     4.729    1.0733836621251004e-02    1.6424155153968337e-04
   373.00     4.746    1.0732678140649540e-02    1.7703792367628575e-04
   374.00     4.757    1.0733580682142006e-02    2.2091444851092589e-04
   375.00     4.773    1.0733169186797580e-02    2.0249984149721463e-04
   376.00     4.783    1.0732844824940231e-02    1.5903581775513008e-04
   377.00     4.797    1.0734656702869851e-02    2.4630578843461430e-04
   378.00     4.808    1.0732342594655948e-02    1.6229197344614645e-04
   379.00     4.818    1.0731627614057555e-02    1.4296563083253790e-04
   380.00     4.834    1.0731960612098140e-02    1.5673260656941755e-04
   381.00     4.844    1.0732809687643678e-02    1.8004515685425768e-04
   382.00     4.860    1.0731181127991240e-02    1.5154165011281923e-04
   383.00     4.871    1.0731603729802161e-02    1.7410964506672555e-04
   384.00     4.885    1.0731378927808666e-02    1.7171843682482757e-04
   385.00     4.896    1.0735134549729167e-02    2.7539891627380579e-04
   386.00     4.906    1.0731688565416817e-02    1.2245137951811679e-04
   387.00     4.922    1.0730166441011912e-02    1.8040393866165390e-04
   388.00     4.933    1.0730840722227058e-02    1.7600481242244811e-04
   389.00     4.948    1.0730630342662091e-02    2.1863934681077028e-04
   390.00     4.962    1.0732388839838621e-02    1.8544238920249626e-04
   391.00     4.978    1.0730539119704965e-02    1.6981861123007065e-04
   392.00     4.988    1.0729425450172005e-02    1.4934660451130892e-04
   393.00     4.998    1.0729055216256047e-02    1.7565134043452085e-04
   394.00     5.012    1.0728927669061007e-02    1.5920865391545725e-04
   395.00     5.022    1.0728841849708206e-02    1.6723049735302957e-04
   396.00     5.038    1.0730378843614519e-02    2.5471484963457565e-04
   397.00     5.049    1.0729166580167555e-02    2.6089932578589065e-04
   398.00     5.064    1.0728574652886477e-02    1.3032081559985795e-04
   399.00     5.074    1.0727942192496684e-02    1.2658624546356363e-04
   400.00     5.084    1.0728150216070717e-02    1.3485563057540404e-04
   401.00     5.100    1.0729089198615128e-02    2.5545662026670631e-04
   402.00     5.110    1.0729076503139890e-02    2.6399332171341423e-04
   403.00     5.127    1.0727693387981699e-02    1.6457447434509132e-04
   404.00     5.137    1.0727136155010338e-02    1.4848987285558739e-04
   405.00     5.151    1.0726857032933468e-02    1.9013283223651714e-04
   406.00     5.161    1.0726184850123202e-02    1.0131992400418490e-04
   407.00     5.172    1.0727149329623412e-02    1.7183110702536497e-04
   408.00     5.187    1.0726464955593483e-02    1.6328709887305983e-04
   409.00     5.197    1.0726021511355818e-02    1.1024066168519725e-04
   410.00     5.213    1.0726206595318265e-02    2.1230617648699824e-04
   411.00     5.223    1.0725292651213851e-02    1.8883169775617969e-04
   412.00     5.235    1.0725006546794156e-02    1.6311766649580693e-04
   413.00     5.249    1.0725181620353148e-02    1.5055862848401295e-04
   414.00     5.259    1.0724977972841394e-02    1.8173321428763820e-04
   415.00     5.275    1.0725649748847439e-02    2.2332576549025942e-04
   416.00     5.285    1.0724756294966442e-02    1.6389504729269472e-04
   417.00     5.301    1.0725583263414508e-02    2.3861297837071043e-04
   418.00     5.312    1.0725651224506071e-02    2.5022676788215775e-04
   419.00     5.324    1.0724485630899137e-02    1.2751424054510956e-04
   420.00     5.336    1.0725908154784084e-02    2.4478057859583162e-04
   421.00     5.346    1.0725596217490453e-02    1.6155449685532571e-04
   422.00     5.362    1.0724074832351587e-02    1.7111175165923030e-04
   423.00     5.373    1.0723698720884720e-02    1.3398646196431495e-04
   424.00     5.388    1.0724811445241072e-02    2.3004323236672035e-04
   425.00     5.402    1.0722932034966600e-02    1.1664391046984393e-04
   426.00     5.418    1.0723001053693863e-02    1.8546690241698713e-04
   427.00     5.429    1.0722801395087212e-02    1.7646486406095596e-04
   428.00     5.441    1.0722228535678084e-02    2.0080441023502893e-04
   429.00     5.453    1.0722110920751558e-02    1.6627158852264100e-04
   430.00     5.463    1.0722962649381532e-02    2.3058832300061366e-04
   431.00     5.479    1.0722541592326756e-02    1.6645615812179153e-04
   432.00     5.490    1.0723482956914516e-02    1.7034099393833913e-04
   433.00     5.505    1.0721636377458821e-02    1.5547542844036530e-04
   434.00     5.516    1.0721400867195634e-02    1.4883116495048782e-04
   435.00     5.527    1.0721194243645987e-02    1.4219787654420486e-04
   436.00     5.540    1.0721350677871741e-02    2.0714694893945068e-04
   437.00     5.549    1.0723371610747948e-02    2.5213148866487707e-04
   438.00     5.566    1.0721159352974298e-02    1.1845138656361661e-04
   439.00     5.576    1.0720491455065234e-02    1.7061083619077677e-04
   440.00     5.591    1.0720354583423436e-02    2.0005073906750003e-04
   441.00     5.602    1.0720218987363288e-02    1.5762530998528432e-04
   442.00     5.613    1.0720296674790859e-02    1.8280565179442314e-04
   443.00     5.627    1.0720231156864823e-02    1.3358699643738903e-04
   444.00     5.638    1.0720008746413040e-02    1.8876494421662975e-04
   445.00     5.653    1.0720095015051261e-02    1.5596574967323906e-04
   446.00     5.664    1.0720279944902215e-02    2.2224126055534626e-04
   447.00     5.680    1.0719388457060353e-02    1.5971718675238789e-04
   448.00     5.692    1.0719462962436430e-02    1.4113286723247255e-04
   449.00     5.705    1.0721390498931902e-02    2.5660376138060732e-04
   450.00     5.715    1.0719976536571451e-02    2.1296066568937460e-04
   451.00     5.725    1.0718913362139006e-02    2.1135600313733859e-04
   452.00     5.741    1.0718711255799943e-02    1.3744489506041155e-04
   453.00     5.752    1.0719434998729250e-02    1.9893899194810044e-04
   454.00     5.767    1.0719195994450502e-02    1.9908041939274343e-04
   455.00     5.777    1.0719023281946790e-02    1.8944049784051141e-04
   456.00     5.788    1.0718299767126741e-02    1.5361149367747114e-04
   457.00     5.800    1.0717907450944072e-02    1.5062590068621077e-04
   458.00     5.814    1.0717917693103460e-02    1.9191747166592512e-04
   459.00     5.829    1.0717913349727172e-02    1.5150732514744271e-04
   460.00     5.839    1.0718203978452932e-02    1.6095157820587296e-04
   461.00     5.854    1.0716910198850002e-02    1.2995340404259485e-04
   462.00     5.865    1.0718431201223972e-02    2.3849021746741165e-04
   463.00     5.875    1.0716585680635621e-02    1.9478860838158382e-04
   464.00     5.890    1.0716924725851663e-02    1.4723089819301461e-04
   465.00     5.900    1.0716521975354490e-02    1.5316219582783803e-04
   466.00     5.916    1.0716206720242876e-02    1.8969534196556191e-04
   467.00     5.927    1.0715804900037653e-02    1.5799546648705365e-04
   468.00     5.940    1.0716276594326937e-02    2.0980862376244450e-04
   469.00     5.951    1.0715671734295077e-02    1.5329416227402213e-04
   470.00     5.961    1.0714969505197802e-02    1.1288395224169550e-04
   471.00     5.977    1.0715101681222437e-02    1.2455378079457538e-04
   472.00     5.987    1.0715752163155554e-02    2.2595128554103228e-04
   473.00     6.003    1.0716984725670099e-02    2.4069516207729383e-04
   474.00     6.013    1.0716253946315559e-02    2.3694191083879209e-04
   475.00     6.024    1.0715267200941984e-02    2.1827782523925715e-04
   476.00     6.038    1.0714344699492982e-02    1.4060989947510668e-04
   477.00     6.047    1.0714429754125818e-02    1.5674817196701258e-04
   478.00     6.063    1.0714226033852123e-02    1.7574740152151102e-04
   479.00     6.074    1.0714735029236838e-02    2.2790468359860656e-04
   480.00     6.087    1.0713800121975630e-02    1.2894784472041408e-04
   481.00     6.098    1.0715029809089350e-02    2.2766706453892236e-04
   482.00     6.108    1.0714943254331586e-02    2.3835977042985798e-04
   483.00     6.124    1.0713622999554157e-02    1.2930368507037677e-04
   484.00     6.134    1.0713620447612491e-02    1.5097684545505236e-04
   485.00     6.150    1.0714238762859882e-02    2.2882648855481553e-04
   486.00     6.161    1.0713986680801067e-02    2.3549639226950922e-04
   487.00     6.171    1.0712878781577570e-02    1.7277612675806409e-04
   488.00     6.185    1.0712516306796401e-02    1.5105545170227019e-04
   489.00     6.196    1.0712284839327233e-02    1.4854559637284697e-04
   490.00     6.212    1.0712141126396173e-02    1.2398362557843284e-04
   491.00     6.224    1.0712078018129845e-02    1.4004042406504658e-04
   492.00     6.240    1.0712761893606567e-02    2.3137400395134740e-04
   493.00     6.250    1.0711792399371738e-02    1.6183273563030400e-04
   494.00     6.263    1.0711774022969418e-02    2.0291388755363957e-04
   495.00     6.273    1.0711487555064188e-02    1.7072529493356139e-04
   496.00     6.283    1.0711255292472518e-02    1.5680603104665922e-04
   497.00     6.299    1.0711227908105386e-02    2.0474950873351048e-04
   498.00     6.310    1.0711636181510146e-02    1.6667718993378501e-04
   499.00     6.325    1.0710530667275902e-02    1.3173035834917969e-04
   500.00     6.335    1.0712472804860682e-02    2.5631654451169911e-04
   501.00     6.345    1.0710240760699465e-02    1.0389471184393139e-04
   502.00     6.360    1.0710754987058537e-02    1.8470189825329694e-04
   503.00     6.370    1.0710650271046555e-02    2.1833685015363634e-04
   504.00     6.386    1.0710743571804186e-02    1.6528461699430374e-04
   505.00     6.396    1.0709799632033808e-02    1.6032697639044728e-04
   506.00     6.411    1.0709404077078039e-02    1.5521080141612663e-04
   507.00     6.421    1.0709165914719061e-02    1.7773788092575186e-04
   508.00     6.432    1.0709110663910554e-02    1.3868453567827567e-04
   509.00     6.447    1.0709900221998563e-02    2.1934534388605865e-04
   510.00     6.457    1.0708617217884932e-02    1.1636835308988296e-04
   511.00     6.473    1.0708725544045550e-02    1.2720691084091874e-04
   512.00     6.484    1.0708738613801430e-02    1.3054341147751601e-04
   513.00     6.499    1.0708558286596835e-02    1.3001756203015301e-04
   514.00     6.509    1.0708701478845367e-02    1.8021570568578637e-04
   515.00     6.520    1.0708645528117379e-02    1.4939919148198119e-04
   516.00     6.535    1.0710326407023199e-02    2.4386469682936872e-04
   517.00     6.545    1.0709171532661878e-02    1.6167419143955230e-04
   518.00     6.561    1.0709563185636860e-02    1.7045460504766627e-04
   519.00     6.571    1.0708200261860014e-02    1.7032612900694840e-04
   520.00     6.586    1.0707736514520194e-02    1.2572750928407692e-04
   521.00     6.596    1.0708134839228972e-02    1.8873391716312264e-04
   522.00     6.606    1.0708012685752503e-02    1.8568322479948503e-04
   523.00     6.621    1.0707483258315689e-02    1.2968290622374429e-04
   524.00     6.631    1.0707317843809502e-02    1.5917169755715033e-04
   525.00     6.648    1.0707991160724899e-02    1.6542854396641078e-04
   526.00     6.658    1.0706693851940442e-02    1.3502723696317753e-04
   527.00     6.672    1.0707412950714786e-02    2.1488767437221056e-04
   528.00     6.685    1.0707156788442272e-02    2.1825598016427905e-04
   529.00     6.696    1.0706953248984338e-02    1.3248242534172306e-04
   530.00     6.710    1.0706645105650945e-02    1.3432768005176810e-04
   531.00     6.720    1.0706648982295541e-02    2.1468909657941675e-04
   532.00     6.736    1.0706305352790236e-02    1.4921383033230897e-04
   533.00     6.746    1.0706028385987403e-02    1.9612050657340170e-04
   534.00     6.758    1.0706211793183318e-02    2.3026393374842147e-04
   535.00     6.769    1.0706382152760490e-02    2.3545702971869713e-04
   536.00     6.779    1.0705729217918174e-02    2.0505677954474246e-04
   537.00     6.796    1.0705102007053734e-02    1.2416259954348580e-04
   538.00     6.806    1.0706518221736251e-02    2.3404275851601894e-04
   539.00     6.821    1.0705737335552941e-02    2.3037186135109174e-04
   540.00     6.832    1.0705840357733325e-02    1.8765260513017531e-04
   541.00     6.842    1.0704491745600196e-02    1.2990252639570593e-04
   542.00     6.855    1.0705067400766316e-02    2.2424644235615468e-04
   543.00     6.865    1.0705003465458256e-02    2.1089471992536291e-04
   544.00     6.881    1.0704222331700231e-02    1.2745632821364102e-04
   545.00     6.892    1.0704558469415350e-02    2.1658970965383184e-04
   546.00     6.906    1.0704514495696271e-02    2.2081882454956525e-04
   547.00     6.916    1.0704594336902061e-02    1.7692192935820370e-04
   548.00     6.926    1.0704307453848056e-02    1.4883226438436488e-04
   549.00     6.942    1.0703435221040527e-02    1.4939756875886672e-04
   550.00     6.953    1.0703028423336118e-02    1.6897428234430463e-04
   551.00     6.968    1.0704214181328837e-02    2.3767863568100492e-04
   552.00     6.978    1.0703216592295627e-02    1.6969628033948797e-04
   553.00     6.988    1.0702583100886441e-02    1.7579511440455131e-04
   554.00     7.002    1.0704408880453622e-02    2.3042184695161406e-04
   555.00     7.012    1.0702723589625320e-02    1.6721726670304858e-04
   556.00     7.028    1.0702649547981676e-02    1.7167217605577485e-04
   557.00     7.038    1.0702929834377720e-02    2.3110842253949140e-04
   558.00     7.053    1.0703380927354822e-02    1.6903461354570598e-04
   559.00     7.063    1.0702283295138270e-02    1.6491997403460902e-04
   560.00     7.075    1.0701913215181828e-02    1.2722338932078320e-04
   561.00     7.089    1.0702443585881362e-02    1.6507228579156567e-04
   562.00     7.099    1.0701778064056998e-02    1.0938778921342775e-04
   563.00     7.114    1.0704843093677412e-02    2.1322433205311930e-04
   564.00     7.124    1.0704381118951964e-02    2.1597716910989770e-04
   565.00     7.136    1.0701712981253383e-02    1.6965430359917226e-04
   566.00     7.148    1.0701661108298630e-02    1.6226084647133477e-04
   567.00     7.158    1.0701251690643660e-02    1.7423371205825647e-04
   568.00     7.174    1.0701091136764686e-02    1.8432970000455096e-04
   569.00     7.184    1.0701459727201169e-02    2.0926671143021481e-04
   570.00     7.199    1.0700460923777593e-02    2.1184340714483453e-04
   571.00     7.208    1.0702032682153039e-02    2.3489690513992868e-04
   572.00     7.219    1.0700259324798931e-02    1.5042478874000080e-04
   573.00     7.235    1.0700899629008892e-02    2.2307499094207403e-04
   574.00     7.245    1.0700168858149261e-02    1.7896147355257752e-04
   575.00     7.260    1.0699978264302797e-02    1.3069960393588493e-04
   576.00     7.270    1.0699694287636693e-02    1.2511456271012967e-04
   577.00     7.280    1.0699834534876797e-02    1.7197723367180849e-04
   578.00     7.294    1.0699717429110574e-02    1.6226823296883519e-04
   579.00     7.304    1.0699493884270403e-02    1.4400357543917089e-04
   580.00     7.320    1.0700552877733737e-02    1.7640630738792180e-04
   581.00     7.330    1.0699673986577537e-02    1.7043325261110719e-04
   582.00     7.342    1.0698914070538209e-02    1.1584609015593421e-04
   583.00     7.355    1.0699703912745575e-02    2.1558804092609575e-04
   584.00     7.365    1.0698845877666107e-02    1.8109348560594129e-04
   585.00     7.380    1.0698731051825654e-02    1.7196013484473363e-04
   586.00     7.391    1.0698450269066781e-02    1.1984138277235500e-04
   587.00     7.406    1.0698283298792809e-02    9.5765858484377135e-05
   588.00     7.416    1.0699193400751931e-02    2.2757985185206442e-04
   589.00     7.428    1.0698241220933762e-02    1.2436012989693225e-04
   590.00     7.441    1.0697958372759320e-02    1.6210548332955195e-04
   591.00     7.451    1.0699949880159985e-02    2.3431694113750805e-04
   592.00     7.467    1.0699650455748640e-02    2.3772735912232156e-04
   593.00     7.478    1.0698224369908006e-02    1.6127647869274527e-04
   594.00     7.493    1.0698579239985772e-02    2.2668586047242629e-04
   595.00     7.504    1.0697851703528908e-02    1.4867427500387298e-04
   596.00     7.514    1.0697925199283599e-02    1.5390757430967903e-04
   597.00     7.528    1.0697542828296297e-02    2.2465261379362860e-04
   598.00     7.539    1.0697505458931590e-02    1.3660689028457572e-04
   599.00     7.555    1.0696882709732337e-02    1.3083549555114514e-04
   600.00     7.565    1.0696844290286875e-02    1.4093909417306822e-04
   601.00     7.579    1.0696682482795062e-02    1.5445805349097370e-04
   602.00     7.590    1.0696630017775481e-02    1.8236783421995587e-04
   603.00     7.600    1.0696575017742002e-02    1.4818319460594808e-04
   604.00     7.616    1.0696428001281450e-02    1.3669904823415755e-04
   605.00     7.626    1.0695944767247433e-02    1.3840448970552240e-04
   606.00     7.641    1.0696232238768092e-02    2.1184565928421967e-04
   607.00     7.651    1.0695919490655296e-02    1.2683223490427055e-04
   608.00     7.662    1.0695747647226677e-02    1.8823472731928194e-04
   609.00     7.675    1.0695716057759930e-02    1.9784603290408793e-04
   610.00     7.685    1.0695476221268999e-02    1.3936482513149734e-04
   611.00     7.701    1.0695318719666627e-02    1.5749829332830785e-04
   612.00     7.712    1.0697529685269418e-02    2.5259202088700463e-04
   613.00     7.726    1.0695331136062899e-02    1.3958688280090616e-04
   614.00     7.737    1.0695411039692713e-02    1.5136135263039470e-04
   615.00     7.747    1.0694912501286822e-02    1.4905233766597753e-04
   616.00     7.762    1.0694693478215691e-02    1.4520357219481881e-04
   617.00     7.772    1.0694751120850136e-02    1.4389729604019443e-04
   618.00     7.788    1.0694616538944613e-02    1.2953341404051347e-04
   619.00     7.798    1.0694252243671128e-02    1.4609248285110638e-04
   620.00     7.808    1.0694052127919705e-02    1.2130318514687923e-04
   621.00     7.823    1.0695134702391154e-02    2.1234163437807259e-04
   622.00     7.833    1.0694433693835766e-02    1.5167236517570133e-04
   623.00     7.849    1.0695103339000556e-02    1.7905036274619619e-04
   624.00     7.859    1.0693929598319784e-02    1.5937549216282239e-04
   625.00     7.871    1.0693843010114579e-02    1.6072547732758340e-04
   626.00     7.882    1.0693654476922332e-02    1.8115042682248327e-04
   627.00     7.893    1.0694830418166197e-02    2.2290451743275003e-04
   628.00     7.908    1.0694090122321986e-02    1.7450791707806395e-04
   629.00     7.920    1.0693814793340991e-02    1.2697888539643177e-04
   630.00     7.935    1.0693500593491926e-02    1.2066123084816523e-04
   631.00     7.945    1.0693668362027238e-02    1.7386374050164347e-04
   632.00     7.956    1.0693144505440014e-02    1.9550619080765735e-04
   633.00     7.970    1.0692960776831760e-02    2.0818843758657992e-04
   634.00     7.979    1.0693351905107205e-02    1.4366309932949177e-04
   635.00     7.995    1.0694183539442459e-02    2.5491359482694156e-04
   636.00     8.005    1.0693537288323444e-02    1.6474710588383387e-04
   637.00     8.020    1.0693168137944693e-02    1.8402201903774604e-04
   638.00     8.030    1.0693320316764360e-02    1.9188543096973574e-04
   639.00     8.040    1.0692817433325792e-02    1.6987103699700489e-04
   640.00     8.055    1.0692482245223364e-02    1.3925294669866385e-04
   641.00     8.066    1.0692103626062901e-02    1.3240441982027872e-04
   642.00     8.081    1.0691992087675623e-02    1.7711354092577532e-04
   643.00     8.091    1.0691600314310998e-02    1.2811842435623552e-04
   644.00     8.105    1.0691962566421539e-02    1.6673910145920725e-04
   645.00     8.118    1.0692366381193742e-02    2.2000089625200716e-04
   646.00     8.129    1.0691395809425965e-02    1.2574958726135039e-04
   647.00     8.142    1.0690969306120741e-02    1.1085348127677309e-04
   648.00     8.153    1.0691415929700342e-02    1.5904809943291076e-04
   649.00     8.168    1.0691154381918675e-02    1.6034882628473485e-04
   650.00     8.179    1.0690855988319661e-02    1.8852162172156608e-04
   651.00     8.194    1.0690749940514412e-02    1.5288900639463170e-04
   652.00     8.205    1.0691756301964811e-02    2.2470988194451744e-04
   653.00     8.216    1.0690677301872049e-02    1.7155939862997221e-04
   654.00     8.230    1.0690428345864398e-02    1.2332078139743466e-04
   655.00     8.242    1.0690294688369323e-02    1.1557747662648964e-04
   656.00     8.258    1.0690556581181268e-02    1.7400902782203993e-04
   657.00     8.269    1.0690644330186043e-02    1.8110461434394639e-04
   658.00     8.285    1.0690390814779634e-02    1.3155093935989811e-04
   659.00     8.296    1.0690610649909081e-02    2.2424504389777423e-04
   660.00     8.312    1.0690122495738655e-02    1.2726852911940681e-04
   661.00     8.322    1.0692357047336880e-02    2.5002040502580347e-04
   662.00     8.333    1.0690633586036325e-02    1.8025412703837301e-04
   663.00     8.347    1.0690025141887820e-02    1.1786811985705685e-04
   664.00     8.359    1.0689782492040847e-02    1.6350284504973119e-04
   665.00     8.373    1.0689849916254775e-02    1.9492519177921212e-04
   666.00     8.386    1.0689499697170627e-02    1.1014705788714863e-04
   667.00     8.401    1.0689520124076927e-02    2.0004352047973408e-04
   668.00     8.412    1.0689425079460288e-02    2.0182608022040966e-04
   669.00     8.422    1.0688825598360333e-02    1.3880141246993587e-04
   670.00     8.436    1.0688489390719716e-02    1.4476257356574817e-04
   671.00     8.445    1.0688566126436969e-02    1.2757985500867094e-04
   672.00     8.462    1.0689399224746586e-02    2.3165305339829383e-04
   673.00     8.472    1.0688696101646383e-02    1.5543763393942469e-04
   674.00     8.487    1.0690403789822797e-02    2.3388059463237297e-04
   675.00     8.497    1.0688596819230319e-02    1.3528994980755148e-04
