    epoch   elapsed                       val                 norm_grad
     0.00     0.000    6.9314718056004021e-01    2.0224027572624326e-01
     1.00     0.014    8.8399884639754386e-02    1.3258395256247002e-02
     2.00     0.023    4.2966150596882573e-02    1.4143792375289621e-03
     3.00     0.035    4.0155456409097852e-02    2.6413701282179715e-03
     4.00     0.049    3.7161343711257372e-02    7.2683258625971803e-04
     5.00     0.060    3.5348749188442052e-02    4.2715798829817686e-04
     6.00     0.072    3.3791467915360751e-02    2.4910362447516654e-04
     7.00     0.081    3.2360174370797731e-02    4.2098812069246705e-04
     8.00     0.096    3.0771332490772591e-02    2.4939002825963286e-04
     9.00     0.108    2.9428542261502065e-02    3.4590904881248719e-04
    10.00     0.120    2.7935970739792738e-02    4.3865061059733534e-04
    11.00     0.130    2.6483854332323441e-02    2.8166267844476067e-04
    12.00     0.140    2.5109596991087911e-02    2.5661261905796096e-04
    13.00     0.155    2.3866802321844661e-02    2.3173616590455026e-04
    14.00     0.166    2.2721337553336822e-02    2.1227920866095928e-04
    15.00     0.181    2.1665668837556180e-02    2.6739998317992786e-04
    16.00     0.191    2.0643705138948802e-02    2.1573843969413531e-04
    17.00     0.200    1.9707994995671219e-02    2.9062239330457373e-04
    18.00     0.214    1.8848860365343289e-02    2.8300892503985153e-04
    19.00     0.223    1.8067056584119716e-02    2.3368381340738154e-04
    20.00     0.237    1.7378152049227418e-02    2.9176431141131332e-04
    21.00     0.248    1.6745109756380164e-02    2.8588205241497633e-04
    22.00     0.259    1.6151347716598138e-02    2.9593004345862539e-04
    23.00     0.274    1.5589069185266036e-02    2.6946979622266554e-04
    24.00     0.283    1.5048511723148972e-02    2.6228518694004777e-04
    25.00     0.297    1.4533985199219692e-02    2.3732932029219000e-04
    26.00     0.307    1.4049706458707935e-02    2.6150109315992154e-04
    27.00     0.316    1.3600883035941433e-02    2.2597929921985838e-04
    28.00     0.331    1.3208260707555545e-02    2.0714480772277000e-04
    29.00     0.341    1.2873774022178952e-02    1.9340955720714703e-04
    30.00     0.352    1.2597186754673750e-02    1.6815295318295398e-04
    31.00     0.363    1.2373092950158791e-02    1.3263501945004474e-04
    32.00     0.374    1.2180610802693628e-02    1.2995384115363495e-04
    33.00     0.389    1.2015616060698406e-02    1.2298694675016986e-04
    34.00     0.398    1.1877555843502505e-02    1.2292391119400614e-04
    35.00     0.410    1.1747157285389493e-02    1.2282415723813278e-04
    36.00     0.420    1.1628705071779979e-02    1.1380338449917815e-04
    37.00     0.429    1.1532330218367391e-02    1.1109059169367441e-04
    38.00     0.444    1.1441121052223417e-02    1.0741123905466665e-04
    39.00     0.453    1.1355443600722622e-02    1.0308277250947739e-04
    40.00     0.463    1.1275267472588503e-02    9.7648075420675440e-05
    41.00     0.477    1.1200535660440620e-02    9.1247622432177877e-05
    42.00     0.486    1.1131229530739686e-02    8.4803529117216669e-05
    43.00     0.501    1.1067123475662950e-02    8.1117123281293502e-05
    44.00     0.511    1.1008184834249209e-02    7.7322004687907508e-05
    45.00     0.526    1.0954922197891652e-02    7.6195577620286059e-05
    46.00     0.537    1.0907474260487699e-02    6.9993717483951556e-05
    47.00     0.547    1.0863920771998025e-02    6.5883137275291048e-05
    48.00     0.561    1.0823593497791648e-02    6.6751994486913269e-05
    49.00     0.571    1.0785947177275365e-02    6.0842568795349550e-05
    50.00     0.586    1.0750600792483208e-02    6.1386744073188559e-05
    51.00     0.596    1.0717329244514944e-02    5.8113601996145903e-05
    52.00     0.608    1.0685941082452074e-02    5.5159584189001798e-05
    53.00     0.618    1.0656198717719237e-02    5.2853621435255960e-05
    54.00     0.628    1.0627949546798366e-02    4.9818569551773884e-05
    55.00     0.643    1.0601047113321896e-02    4.7491042432235009e-05
    56.00     0.653    1.0575373170080945e-02    5.0349717979514264e-05
    57.00     0.664    1.0551116172968545e-02    4.6217617661381549e-05
    58.00     0.675    1.0528142827669161e-02    4.5052745350271373e-05
    59.00     0.685    1.0506293637646092e-02    4.3284819707944955e-05
    60.00     0.699    1.0485397766262115e-02    4.0868886214281974e-05
    61.00     0.708    1.0468395889814561e-02    4.0463047868311008e-05
    62.00     0.718    1.0454858898619950e-02    4.2333217625367681e-05
    63.00     0.730    1.0442676336960360e-02    4.2148395257957105e-05
    64.00     0.740    1.0431472264329094e-02    4.2167114807201145e-05
    65.00     0.754    1.0421045561834586e-02    4.1302600300552328e-05
    66.00     0.764    1.0411227362452369e-02    4.0007087031002087e-05
    67.00     0.773    1.0401935407296043e-02    3.8956423417890740e-05
    68.00     0.788    1.0393113345452993e-02    3.7520430618886991e-05
    69.00     0.798    1.0384722962894846e-02    3.6196283165756959e-05
    70.00     0.811    1.0376720469236381e-02    3.4488217003025845e-05
    71.00     0.820    1.0369075598403832e-02    3.3177757152835774e-05
    72.00     0.830    1.0361744678015834e-02    3.2216034412835270e-05
    73.00     0.844    1.0354716183251303e-02    3.0903275820115539e-05
    74.00     0.854    1.0347967357402562e-02    2.9483851627265523e-05
    75.00     0.870    1.0341469655494309e-02    2.8310527708519384e-05
    76.00     0.879    1.0335721378160245e-02    2.7442846685321598e-05
    77.00     0.888    1.0330308168370137e-02    2.6294955125905073e-05
    78.00     0.903    1.0325123718857623e-02    2.5458060824157247e-05
    79.00     0.912    1.0320139280595747e-02    2.4378698603888527e-05
    80.00     0.923    1.0315339899700907e-02    2.3384531131209751e-05
    81.00     0.934    1.0310707716900031e-02    2.2666392297532312e-05
    82.00     0.944    1.0306221112361647e-02    2.2217219329156990e-05
    83.00     0.958    1.0301876925858223e-02    2.1969126141385686e-05
    84.00     0.967    1.0297665753415154e-02    2.1797507571363894e-05
    85.00     0.976    1.0293585256870104e-02    2.1546406349770564e-05
    86.00     0.990    1.0289608516402621e-02    2.1203450829787585e-05
    87.00     0.999    1.0285731846948072e-02    2.0826287735253857e-05
    88.00     1.012    1.0281947854715782e-02    2.0450892765921935e-05
    89.00     1.022    1.0278245341353884e-02    2.0161155267928166e-05
    90.00     1.031    1.0275017189602097e-02    1.8879363308244024e-05
    91.00     1.046    1.0272122674288040e-02    1.7668798489189896e-05
    92.00     1.054    1.0269654125463375e-02    1.6651704104475584e-05
    93.00     1.064    1.0267317784924512e-02    1.6162392811658322e-05
    94.00     1.077    1.0265086492259830e-02    1.6013101311607159e-05
    95.00     1.086    1.0262937480137929e-02    1.5679052318695597e-05
    96.00     1.101    1.0260856757152456e-02    1.5350792652135681e-05
    97.00     1.111    1.0258831547871879e-02    1.5295927790148767e-05
    98.00     1.126    1.0256852551010795e-02    1.5096934150804486e-05
    99.00     1.137    1.0254916263826807e-02    1.4904166816265274e-05
   100.00     1.147    1.0253020377318062e-02    1.4842799295422537e-05
   101.00     1.161    1.0251159725489265e-02    1.4694786290014861e-05
   102.00     1.170    1.0249328527801541e-02    1.4565224041085401e-05
   103.00     1.182    1.0247522952598506e-02    1.4360220685460945e-05
   104.00     1.192    1.0245739942055271e-02    1.4292867962950595e-05
   105.00     1.203    1.0243978592741048e-02    1.4206294123297880e-05
   106.00     1.217    1.0242237043624189e-02    1.4119645875609876e-05
   107.00     1.227    1.0240513387108432e-02    1.3985411156269834e-05
   108.00     1.243    1.0238805673467660e-02    1.3948287277187887e-05
   109.00     1.254    1.0237113082459443e-02    1.3891357625084311e-05
   110.00     1.263    1.0235435083170083e-02    1.3840495251216112e-05
   111.00     1.277    1.0233770673351072e-02    1.3771767047643380e-05
   112.00     1.286    1.0232120212825463e-02    1.3673077013720558e-05
   113.00     1.300    1.0230482010225431e-02    1.3602053391181812e-05
   114.00     1.309    1.0228855543885250e-02    1.3582956093216580e-05
   115.00     1.318    1.0227240538367398e-02    1.3541090650548426e-05
   116.00     1.333    1.0225636565515723e-02    1.3454187987704813e-05
   117.00     1.342    1.0224042881876051e-02    1.3408161487760140e-05
   118.00     1.356    1.0222459510946160e-02    1.3374354448814074e-05
   119.00     1.367    1.0220886169206142e-02    1.3318664478845221e-05
   120.00     1.377    1.0219322247403092e-02    1.3278192039223313e-05
   121.00     1.391    1.0217767658557603e-02    1.3232473762059271e-05
   122.00     1.400    1.0216222333549962e-02    1.3224297607195012e-05
   123.00     1.412    1.0214686056745789e-02    1.3162682494183287e-05
   124.00     1.421    1.0213158519771299e-02    1.3103452912943681e-05
   125.00     1.430    1.0211639610155700e-02    1.3095443852861877e-05
   126.00     1.445    1.0210129248637016e-02    1.3033941877793609e-05
   127.00     1.454    1.0208627327476450e-02    1.2986505568690632e-05
   128.00     1.464    1.0207133361431558e-02    1.2953137103366430e-05
   129.00     1.480    1.0205647207876690e-02    1.2934302494826966e-05
   130.00     1.491    1.0204168985122837e-02    1.2899784058717501e-05
   131.00     1.511    1.0202698387947410e-02    1.2869205551879759e-05
   132.00     1.528    1.0201249443625129e-02    1.2849671213288616e-05
   133.00     1.545    1.0199952039682074e-02    1.2680768056938518e-05
   134.00     1.565    1.0198690575892337e-02    1.2397200336522474e-05
   135.00     1.581    1.0197462837295336e-02    1.2027470326358980e-05
   136.00     1.598    1.0196267258088362e-02    1.1739820200418194e-05
   137.00     1.617    1.0195102179103889e-02    1.1463714580273177e-05
   138.00     1.629    1.0193966662804062e-02    1.1378138914164282e-05
   139.00     1.643    1.0192858231496566e-02    1.1150210873278610e-05
   140.00     1.654    1.0191776284297648e-02    1.1242459470928168e-05
   141.00     1.667    1.0190719319926872e-02    1.1002781765245828e-05
   142.00     1.680    1.0189686939157951e-02    1.1118899029272100e-05
   143.00     1.689    1.0188677689011348e-02    1.0951699700445516e-05
   144.00     1.703    1.0187690555241968e-02    1.0694006610467710e-05
   145.00     1.713    1.0186725262458339e-02    1.0925411823237141e-05
   146.00     1.722    1.0185780746511826e-02    1.0466402657005602e-05
   147.00     1.736    1.0184856898876982e-02    1.0646740778885722e-05
   148.00     1.746    1.0183952660983559e-02    1.0382358932470304e-05
   149.00     1.761    1.0183067533616370e-02    1.0230697238045039e-05
   150.00     1.772    1.0182200795574452e-02    1.0522314446981262e-05
   151.00     1.783    1.0181352593931037e-02    1.0098675887970643e-05
   152.00     1.797    1.0180522065737484e-02    9.8790689669892018e-06
   153.00     1.806    1.0179708006601403e-02    1.0066024634713955e-05
   154.00     1.820    1.0178910501762636e-02    9.9271724292027130e-06
   155.00     1.830    1.0178128936647095e-02    9.8530837764343460e-06
   156.00     1.839    1.0177362972615824e-02    9.6630833850142039e-06
   157.00     1.854    1.0176611982695196e-02    9.6231877241281794e-06
   158.00     1.863    1.0175875643402789e-02    9.4375809176483472e-06
   159.00     1.876    1.0175153741483048e-02    9.4972791145897517e-06
   160.00     1.887    1.0174446000515048e-02    9.3439348924917454e-06
   161.00     1.896    1.0173751551835879e-02    9.1665526046336154e-06
   162.00     1.910    1.0173070508101898e-02    9.2877465700524908e-06
   163.00     1.920    1.0172402563027080e-02    9.0466213470419277e-06
   164.00     1.931    1.0171746963944302e-02    8.9229377702171320e-06
   165.00     1.941    1.0171103571576216e-02    8.8128662196762519e-06
   166.00     1.950    1.0170471889776024e-02    8.7278521772038431e-06
   167.00     1.966    1.0169852172765500e-02    8.8017695066833213e-06
   168.00     1.977    1.0169243641418024e-02    8.5047867957044332e-06
   169.00     1.992    1.0168646165853345e-02    8.5790544390729195e-06
   170.00     2.003    1.0168059949120244e-02    8.4096848667059021e-06
   171.00     2.012    1.0167484368692158e-02    8.3092175021670656e-06
   172.00     2.027    1.0166919074159612e-02    8.4558215412977589e-06
   173.00     2.038    1.0166364024814458e-02    8.1775440505804653e-06
   174.00     2.052    1.0165819438559596e-02    8.1028133178673301e-06
   175.00     2.061    1.0165284443450480e-02    8.0386557184120022e-06
   176.00     2.070    1.0164759066435896e-02    8.0785968911145645e-06
   177.00     2.085    1.0164242782807089e-02    7.7939323300801888e-06
   178.00     2.097    1.0163735599168375e-02    7.9328696459546322e-06
   179.00     2.113    1.0163237480296457e-02    7.8643122385368969e-06
   180.00     2.125    1.0162747960456183e-02    7.5449085180645525e-06
   181.00     2.140    1.0162267253409588e-02    7.5909541485952303e-06
   182.00     2.151    1.0161794746152305e-02    7.6792557018312557e-06
   183.00     2.161    1.0161330860830823e-02    7.5155328856379988e-06
   184.00     2.175    1.0160874885617094e-02    7.2496984053205260e-06
   185.00     2.184    1.0160426539344970e-02    7.4065471085127399e-06
   186.00     2.198    1.0159985905729807e-02    7.2365683601027797e-06
   187.00     2.207    1.0159552989235205e-02    7.3058446686813383e-06
   188.00     2.216    1.0159127802918104e-02    7.1624005122394863e-06
   189.00     2.231    1.0158709571908580e-02    6.9789391294317049e-06
   190.00     2.240    1.0158298409794788e-02    7.1378177250447372e-06
   191.00     2.250    1.0157894437947958e-02    6.9728689104930908e-06
   192.00     2.263    1.0157497487959369e-02    6.9483552999627385e-06
   193.00     2.272    1.0157107292660620e-02    6.7819247417943984e-06
   194.00     2.287    1.0156723614581869e-02    6.7338932416283193e-06
   195.00     2.296    1.0156346470384471e-02    6.6685583210435162e-06
   196.00     2.306    1.0155975689865277e-02    6.7327866045685525e-06
   197.00     2.320    1.0155611095782606e-02    6.5543478038887493e-06
   198.00     2.330    1.0155252626930747e-02    6.4918095793453645e-06
   199.00     2.344    1.0154900267037956e-02    6.5907686069288651e-06
   200.00     2.353    1.0154553487530119e-02    6.3242423591902686e-06
   201.00     2.363    1.0154212560563532e-02    6.3089217248735174e-06
   202.00     2.378    1.0153877481132294e-02    6.3246395711202830e-06
   203.00     2.387    1.0153548050092356e-02    6.3183211360673397e-06
   204.00     2.398    1.0153224031087371e-02    6.2093533843565751e-06
   205.00     2.408    1.0152905502086820e-02    6.0915420315721391e-06
   206.00     2.417    1.0152592351682707e-02    6.0894040619929868e-06
   207.00     2.432    1.0152284190779057e-02    6.0071389140214926e-06
   208.00     2.442    1.0151981074969257e-02    5.8779215215409852e-06
   209.00     2.451    1.0151682854009738e-02    6.0393737966457639e-06
   210.00     2.463    1.0151389644623407e-02    5.8206922186332388e-06
   211.00     2.475    1.0151101173346541e-02    5.7480447548663438e-06
   212.00     2.489    1.0150817154581366e-02    5.8406317753056936e-06
   213.00     2.498    1.0150537859677410e-02    5.7296048784072351e-06
   214.00     2.508    1.0150262997534156e-02    5.6977427354554244e-06
   215.00     2.522    1.0149992426163015e-02    5.6623876233119486e-06
   216.00     2.532    1.0149726217225014e-02    5.5956263226297764e-06
   217.00     2.546    1.0149464446878247e-02    5.6235644371738225e-06
   218.00     2.555    1.0149206669955925e-02    5.4264805667281202e-06
   219.00     2.565    1.0148952967991575e-02    5.4623372506279466e-06
   220.00     2.580    1.0148703228557264e-02    5.5261352731039715e-06
   221.00     2.589    1.0148457249867219e-02    5.3842726999847601e-06
   222.00     2.600    1.0148215210957085e-02    5.3288049434163653e-06
   223.00     2.611    1.0147977111619650e-02    5.1818453034174761e-06
   224.00     2.620    1.0147742720150229e-02    5.4049990630411493e-06
   225.00     2.635    1.0147511859904201e-02    5.2237543837346800e-06
   226.00     2.644    1.0147284412387665e-02    5.1247806799881168e-06
   227.00     2.653    1.0147060564451995e-02    5.2393734946698522e-06
   228.00     2.668    1.0146840140787981e-02    5.0656669870335902e-06
   229.00     2.677    1.0146623258446211e-02    4.9441537633698740e-06
   230.00     2.691    1.0146409603792934e-02    5.0953179542567728e-06
   231.00     2.701    1.0146199298175397e-02    4.9914146376013602e-06
   232.00     2.712    1.0145992245602371e-02    4.9109161262515799e-06
   233.00     2.728    1.0145788324068969e-02    4.9410096067611931e-06
   234.00     2.738    1.0145587681068916e-02    4.8374292843187533e-06
   235.00     2.752    1.0145420699537729e-02    4.1804430139791293e-06
   236.00     2.761    1.0145310491863260e-02    3.9628844987760203e-06
   237.00     2.772    1.0145219223294352e-02    3.8162591238233290e-06
   238.00     2.783    1.0145137461940663e-02    3.5416945003419187e-06
   239.00     2.793    1.0145064737318726e-02    3.3540725343783606e-06
   240.00     2.808    1.0144999277706679e-02    3.1618284452861189e-06
   241.00     2.817    1.0144939756115650e-02    2.9761087603219494e-06
   242.00     2.826    1.0144885311878484e-02    2.8784381616020482e-06
   243.00     2.841    1.0144835545976526e-02    2.7463178895459350e-06
   244.00     2.850    1.0144790148865920e-02    2.6230104772650975e-06
   245.00     2.864    1.0144748576507870e-02    2.5264524801116295e-06
   246.00     2.874    1.0144710476347725e-02    2.4005334413601531e-06
   247.00     2.884    1.0144675626827446e-02    2.2967174917454258e-06
   248.00     2.896    1.0144643629393310e-02    2.2118516920244247e-06
   249.00     2.906    1.0144614294001372e-02    2.1101189116023988e-06
   250.00     2.921    1.0144587334786740e-02    2.0268000788803420e-06
   251.00     2.931    1.0144562567112669e-02    1.9504924075874897e-06
   252.00     2.940    1.0144539790779322e-02    1.8582171890102472e-06
   253.00     2.955    1.0144518863839366e-02    1.7932775016049618e-06
   254.00     2.964    1.0144499651304865e-02    1.7260851503664298e-06
   255.00     2.977    1.0144481979053590e-02    1.6574372203592702e-06
   256.00     2.986    1.0144465709270013e-02    1.5857744042335753e-06
   257.00     2.995    1.0144450770774130e-02    1.5177050567416472e-06
   258.00     3.011    1.0144437042075292e-02    1.4609445404545340e-06
   259.00     3.020    1.0144424398266409e-02    1.4016056457677450e-06
   260.00     3.032    1.0144412757431619e-02    1.3462419605758669e-06
   261.00     3.042    1.0144402039440234e-02    1.2978933270346715e-06
   262.00     3.051    1.0144392164151791e-02    1.2413885013273784e-06
   263.00     3.067    1.0144383058125974e-02    1.1905500088005283e-06
   264.00     3.076    1.0144374668106408e-02    1.1425697810096835e-06
   265.00     3.086    1.0144366925959766e-02    1.1003630842054690e-06
   266.00     3.098    1.0144359796547367e-02    1.0543305801746783e-06
   267.00     3.107    1.0144353218772145e-02    1.0114290969198692e-06
   268.00     3.122    1.0144347150964185e-02    9.7543832566771016e-07
   269.00     3.131    1.0144341549363089e-02    9.3243814625054711e-07
   270.00     3.141    1.0144336381525143e-02    8.9749361009694439e-07
   271.00     3.155    1.0144331607403832e-02    8.6089049489146419e-07
   272.00     3.164    1.0144327205939149e-02    8.2918024624234477e-07
   273.00     3.177    1.0144323142417009e-02    7.9804911479186558e-07
   274.00     3.187    1.0144319387947002e-02    7.6348678490489874e-07
   275.00     3.196    1.0144315917658603e-02    7.4035275510198062e-07
   276.00     3.212    1.0144312714858683e-02    7.0674072638610141e-07
   277.00     3.221    1.0144309753622216e-02    6.8132841768431263e-07
   278.00     3.234    1.0144307011564317e-02    6.5596872644846371e-07
   279.00     3.243    1.0144304472629009e-02    6.3007512274282362e-07
   280.00     3.253    1.0144302132079367e-02    6.0492329367889397e-07
   281.00     3.268    1.0144299970649959e-02    5.8282755333038949e-07
   282.00     3.277    1.0144297972901530e-02    5.5949620758610763e-07
   283.00     3.287    1.0144296125247119e-02    5.3836313718136353e-07
   284.00     3.297    1.0144294415054647e-02    5.1477298512736525e-07
   285.00     3.309    1.0144292830162206e-02    4.9673212565437552e-07
   286.00     3.324    1.0144291362688882e-02    4.7749239939776089e-07
   287.00     3.333    1.0144290004543302e-02    4.5726457287287303e-07
   288.00     3.343    1.0144288748348277e-02    4.4205888727333331e-07
   289.00     3.355    1.0144287586107031e-02    4.2451307891155921e-07
   290.00     3.364    1.0144286509303572e-02    4.0549211455243039e-07
   291.00     3.379    1.0144285514428308e-02    3.9066957313593775e-07
   292.00     3.388    1.0144284592982035e-02    3.7747196834914121e-07
   293.00     3.397    1.0144283739425003e-02    3.6233604738811209e-07
   294.00     3.412    1.0144282948906657e-02    3.4879893107131466e-07
   295.00     3.422    1.0144282215535903e-02    3.3508589503128405e-07
   296.00     3.435    1.0144281534916510e-02    3.2224153123650012e-07
   297.00     3.444    1.0144280905890373e-02    3.1052888083138441e-07
   298.00     3.454    1.0144280323746381e-02    2.9790564859411006e-07
   299.00     3.469    1.0144279783102856e-02    2.8728063483640653e-07
   300.00     3.478    1.0144279283376495e-02    2.7584582795725510e-07
   301.00     3.489    1.0144278819479394e-02    2.6471091985058592e-07
   302.00     3.499    1.0144278388825962e-02    2.5467943132184701e-07
   303.00     3.509    1.0144277989439785e-02    2.4450869950953802e-07
   304.00     3.524    1.0144277619061269e-02    2.3623562306340773e-07
   305.00     3.533    1.0144277276029748e-02    2.2687570577772931e-07
   306.00     3.543    1.0144276957994114e-02    2.1823125528896981e-07
   307.00     3.555    1.0144276662693238e-02    2.1009620354561775e-07
   308.00     3.564    1.0144276388880002e-02    2.0118487853437728e-07
   309.00     3.579    1.0144276134919677e-02    1.9396874328947433e-07
   310.00     3.588    1.0144275899907884e-02    1.8627788378466903e-07
   311.00     3.597    1.0144275681790306e-02    1.7993995271581298e-07
   312.00     3.612    1.0144275479056910e-02    1.7307234401187088e-07
   313.00     3.621    1.0144275290678691e-02    1.6692809268192832e-07
   314.00     3.637    1.0144275115768143e-02    1.5984750234565581e-07
   315.00     3.646    1.0144274953782980e-02    1.5476753212340100e-07
   316.00     3.655    1.0144274803606225e-02    1.4855728736051788e-07
   317.00     3.670    1.0144274664184679e-02    1.4287410188273952e-07
   318.00     3.679    1.0144274535093586e-02    1.3725304981448971e-07
   319.00     3.694    1.0144274415071246e-02    1.3154857114727747e-07
   320.00     3.703    1.0144274303464731e-02    1.2731046084013542e-07
   321.00     3.714    1.0144274199946122e-02    1.2212580990933475e-07
   322.00     3.727    1.0144274103869992e-02    1.1670450383860498e-07
   323.00     3.737    1.0144274014728897e-02    1.1315268366729470e-07
   324.00     3.753    1.0144273931995608e-02    1.0918765624978732e-07
   325.00     3.762    1.0144273855194301e-02    1.0480692047565299e-07
   326.00     3.772    1.0144273783840526e-02    1.0073155998213679e-07
   327.00     3.788    1.0144273717546393e-02    9.6851682229726066e-08
   328.00     3.797    1.0144273656036314e-02    9.2974891785502223e-08
   329.00     3.813    1.0144273598935601e-02    8.9717506313036210e-08
   330.00     3.822    1.0144273545840053e-02    8.6509876595641799e-08
   331.00     3.831    1.0144273496443559e-02    8.2861713934789805e-08
   332.00     3.846    1.0144273450514487e-02    8.0060283735861049e-08
   333.00     3.856    1.0144273407878502e-02    7.6774329116346962e-08
   334.00     3.871    1.0144273368294128e-02    7.3920801924032276e-08
   335.00     3.880    1.0144273331503650e-02    7.1698091019811727e-08
   336.00     3.890    1.0144273297313810e-02    6.8293115162987306e-08
   337.00     3.902    1.0144273265582329e-02    6.5748922750685779e-08
   338.00     3.911    1.0144273236093347e-02    6.3396777605362331e-08
   339.00     3.926    1.0144273208645452e-02    6.0902834775333758e-08
   340.00     3.935    1.0144273183171014e-02    5.8612856790318801e-08
   341.00     3.945    1.0144273159490624e-02    5.6572352136186055e-08
   342.00     3.959    1.0144273137456633e-02    5.4145761652080182e-08
   343.00     3.967    1.0144273116972413e-02    5.2483100532185745e-08
   344.00     3.983    1.0144273097931977e-02    5.0470958967707702e-08
   345.00     3.992    1.0144273080196161e-02    4.8778449723840822e-08
   346.00     4.000    1.0144273063706764e-02    4.6918595231204563e-08
   347.00     4.016    1.0144273048400224e-02    4.5137459991906326e-08
   348.00     4.025    1.0144273034184231e-02    4.3806538840840403e-08
   349.00     4.037    1.0144273020945126e-02    4.1802080019692767e-08
   350.00     4.047    1.0144273008627231e-02    4.0234985121401223e-08
   351.00     4.057    1.0144272997156596e-02    3.8536089874696700e-08
   352.00     4.071    1.0144272986486774e-02    3.7001328223595920e-08
   353.00     4.081    1.0144272976568886e-02    3.5859818225958406e-08
   354.00     4.091    1.0144272967369521e-02    3.4529572090491456e-08
   355.00     4.102    1.0144272958825319e-02    3.3326511328368724e-08
   356.00     4.112    1.0144272950879496e-02    3.2023638851796932e-08
   357.00     4.128    1.0144272943493363e-02    3.0739728984485737e-08
   358.00     4.138    1.0144272936614886e-02    2.9632971632054250e-08
   359.00     4.151    1.0144272930215173e-02    2.8562778808804978e-08
   360.00     4.160    1.0144272924255307e-02    2.7472614405610329e-08
   361.00     4.172    1.0144272918709410e-02    2.6489718862876543e-08
   362.00     4.186    1.0144272913554405e-02    2.5478811949142255e-08
   363.00     4.195    1.0144272908771674e-02    2.4481817462174149e-08
   364.00     4.206    1.0144272904318326e-02    2.3664329162897957e-08
   365.00     4.218    1.0144272900170306e-02    2.2978215330482499e-08
   366.00     4.227    1.0144272896316598e-02    2.1905059988114317e-08
   367.00     4.241    1.0144272892731256e-02    2.1282849593795561e-08
   368.00     4.250    1.0144272889396122e-02    2.0509315468153488e-08
   369.00     4.259    1.0144272886289461e-02    1.9746591473079889e-08
   370.00     4.274    1.0144272883402500e-02    1.9178428400934422e-08
   371.00     4.284    1.0144272880714837e-02    1.8361406284306270e-08
   372.00     4.298    1.0144272878213557e-02    1.7851014111336383e-08
   373.00     4.307    1.0144272875885990e-02    1.7106937311162085e-08
   374.00     4.317    1.0144272873716097e-02    1.6679928549478973e-08
   375.00     4.332    1.0144272871699316e-02    1.6249827372583070e-08
   376.00     4.341    1.0144272869822833e-02    1.5720220347681391e-08
   377.00     4.351    1.0144272868078936e-02    1.5097725403201423e-08
   378.00     4.364    1.0144272866456085e-02    1.4459971331426402e-08
   379.00     4.373    1.0144272864945417e-02    1.4007823123662888e-08
   380.00     4.388    1.0144272863539970e-02    1.3467133186395586e-08
   381.00     4.397    1.0144272862231038e-02    1.3027455225689266e-08
   382.00     4.407    1.0144272861012611e-02    1.2607864308122885e-08
   383.00     4.419    1.0144272859878734e-02    1.2280295336175584e-08
   384.00     4.428    1.0144272858821019e-02    1.1794214604954334e-08
   385.00     4.443    1.0144272857837479e-02    1.1422913170910931e-08
   386.00     4.453    1.0144272856921327e-02    1.1089182683221566e-08
   387.00     4.462    1.0144272856070823e-02    1.0582010490089999e-08
   388.00     4.477    1.0144272855279038e-02    1.0315375442715435e-08
   389.00     4.486    1.0144272854542131e-02    9.9448079771136122e-09
   390.00     4.498    1.0144272853855807e-02    9.6507535296552760e-09
   391.00     4.508    1.0144272853216341e-02    9.3404514123207605e-09
   392.00     4.518    1.0144272852620640e-02    9.0297818111650940e-09
   393.00     4.533    1.0144272852066139e-02    8.7250737745847573e-09
   394.00     4.543    1.0144272851550546e-02    8.3359389391191030e-09
   395.00     4.555    1.0144272851069830e-02    8.0642226230054348e-09
   396.00     4.567    1.0144272850621560e-02    7.8617523602275696e-09
   397.00     4.576    1.0144272850204153e-02    7.6013227934268457e-09
   398.00     4.591    1.0144272849816267e-02    7.4009808281871869e-09
   399.00     4.600    1.0144272849454723e-02    7.0497236936972740e-09
   400.00     4.611    1.0144272849118027e-02    6.8815912968034354e-09
   401.00     4.622    1.0144272848804113e-02    6.6718326419135110e-09
   402.00     4.632    1.0144272848511996e-02    6.3838252462034006e-09
   403.00     4.647    1.0144272848239842e-02    6.2182494708906688e-09
   404.00     4.657    1.0144272847986685e-02    5.9520973705318170e-09
   405.00     4.669    1.0144272847750704e-02    5.8211722109291486e-09
   406.00     4.679    1.0144272847531138e-02    5.6096330913746328e-09
   407.00     4.689    1.0144272847326625e-02    5.4168741714377688e-09
   408.00     4.704    1.0144272847136154e-02    5.2523154714378961e-09
   409.00     4.713    1.0144272846958752e-02    5.0447179766877071e-09
   410.00     4.723    1.0144272846793402e-02    4.9544170988014002e-09
   411.00     4.735    1.0144272846639277e-02    4.7370160016768637e-09
   412.00     4.744    1.0144272846495554e-02    4.6210256732237553e-09
   413.00     4.759    1.0144272846361753e-02    4.4391994524772826e-09
   414.00     4.768    1.0144272846237121e-02    4.2668766297992988e-09
   415.00     4.777    1.0144272846121263e-02    4.1292467223286167e-09
   416.00     4.792    1.0144272846013068e-02    3.9992508193975596e-09
   417.00     4.801    1.0144272845912222e-02    3.8743641628258274e-09
   418.00     4.816    1.0144272845818337e-02    3.7304545008609580e-09
   419.00     4.825    1.0144272845731035e-02    3.6458923657889386e-09
   420.00     4.834    1.0144272845649371e-02    3.5302879508591900e-09
   421.00     4.849    1.0144272845573463e-02    3.4029135065338778e-09
   422.00     4.858    1.0144272845502596e-02    3.2981195552395093e-09
   423.00     4.868    1.0144272845436625e-02    3.1769055164332372e-09
   424.00     4.880    1.0144272845375370e-02    3.0652679283704742e-09
   425.00     4.889    1.0144272845318148e-02    2.9511096899526024e-09
   426.00     4.905    1.0144272845264880e-02    2.8333804191760237e-09
   427.00     4.914    1.0144272845215291e-02    2.7856055240249589e-09
   428.00     4.924    1.0144272845169037e-02    2.6858719692768318e-09
   429.00     4.937    1.0144272845125858e-02    2.5980906315226093e-09
   430.00     4.946    1.0144272845085673e-02    2.5456902141840487e-09
   431.00     4.961    1.0144272845048109e-02    2.4301208823018783e-09
   432.00     4.971    1.0144272845013298e-02    2.3451852682043750e-09
   433.00     4.981    1.0144272844980633e-02    2.2865467297350506e-09
   434.00     4.991    1.0144272844950378e-02    2.1894069890393553e-09
   435.00     5.004    1.0144272844922177e-02    2.1275031736323058e-09
   436.00     5.017    1.0144272844895802e-02    2.0549048018736471e-09
   437.00     5.026    1.0144272844871153e-02    1.9787582683505889e-09
   438.00     5.036    1.0144272844848460e-02    1.9362256242771991e-09
   439.00     5.049    1.0144272844826944e-02    1.8521651989900079e-09
   440.00     5.059    1.0144272844807005e-02    1.8162050752223990e-09
   441.00     5.073    1.0144272844788553e-02    1.7377316252620290e-09
   442.00     5.083    1.0144272844771273e-02    1.6845425054867746e-09
   443.00     5.092    1.0144272844755078e-02    1.6326856533410705e-09
   444.00     5.107    1.0144272844740123e-02    1.5643588646696571e-09
   445.00     5.116    1.0144272844726111e-02    1.5302153988372424e-09
   446.00     5.127    1.0144272844712962e-02    1.4711728502092569e-09
   447.00     5.138    1.0144272844700777e-02    1.4323110475444878e-09
   448.00     5.147    1.0144272844689450e-02    1.3939053244982347e-09
   449.00     5.162    1.0144272844679017e-02    1.3283368849315025e-09
   450.00     5.171    1.0144272844669055e-02    1.2973685459272133e-09
   451.00     5.180    1.0144272844659833e-02    1.2564614904064797e-09
   452.00     5.193    1.0144272844651045e-02    1.2047991493346899e-09
   453.00     5.202    1.0144272844643004e-02    1.1754184292556147e-09
   454.00     5.217    1.0144272844635543e-02    1.1249766673770978e-09
   455.00     5.226    1.0144272844628691e-02    1.0976967113052183e-09
   456.00     5.235    1.0144272844622238e-02    1.0588138144029813e-09
   457.00     5.250    1.0144272844616071e-02    1.0350144075133016e-09
   458.00     5.260    1.0144272844610391e-02    1.0066637523564737e-09
   459.00     5.274    1.0144272844605198e-02    9.5231322827515896e-10
