    epoch   elapsed                       val                 norm_grad
     0.00     0.000    6.9314718055858948e-01    4.8298395896736979e-01
     1.00     0.306    2.6382423670134675e-01    6.4073322130611565e-02
     2.00     0.607    9.5365187853799160e-02    3.4913354151631104e-03
     3.00     0.887    7.9483546663497426e-02    2.8789723830291436e-03
     4.00     1.172    5.5463403864025283e-02    2.0116739242652670e-03
     5.00     1.436    4.7019789532841860e-02    2.0987564195360520e-03
     6.00     1.675    3.2655384338863509e-02    2.5795367763592481e-04
     7.00     1.896    2.7880122707442303e-02    1.2770473242831315e-03
     8.00     2.116    2.1960257235121464e-02    6.2195741744375255e-04
     9.00     2.334    1.9222790022669144e-02    1.2903041378073965e-03
    10.00     2.553    1.6353961646819792e-02    4.6677922125049065e-04
    11.00     2.778    1.5281430314548882e-02    9.0319312624487225e-05
    12.00     3.004    1.4588944834323493e-02    2.8145520414302183e-04
    13.00     3.234    1.4043861363242378e-02    6.9432995471352399e-05
    14.00     3.462    1.3677550771321045e-02    1.9414782017546095e-04
    15.00     3.690    1.3395808249621614e-02    7.5320419099078606e-05
    16.00     3.909    1.3177951784522074e-02    1.0873321404059055e-04
    17.00     4.124    1.3011095354732397e-02    1.8619771169881005e-04
    18.00     4.340    1.2869350015343360e-02    4.4991970170826789e-05
    19.00     4.558    1.2766534592554628e-02    4.0610296051735162e-05
    20.00     4.777    1.2687489490294589e-02    7.6372390684475988e-05
    21.00     5.074    1.2623490455677126e-02    4.8958335299165157e-05
    22.00     5.377    1.2572797781310633e-02    2.9068791408848327e-05
    23.00     5.696    1.2532283180789786e-02    2.4109438022446028e-05
    24.00     5.994    1.2498499096946163e-02    3.8548132535121127e-05
    25.00     6.291    1.2469232797130995e-02    2.2094856903187576e-05
    26.00     6.601    1.2444599664517638e-02    6.4107061128026999e-05
    27.00     7.082    1.2422070060531752e-02    3.9330132342918489e-05
    28.00     7.543    1.2401918872947833e-02    2.1215415228148515e-05
    29.00     8.001    1.2383742829638569e-02    2.6888972730620964e-05
    30.00    10.057    1.2366973532108347e-02    2.0839112313653096e-05
    31.00    11.298    1.2351466526925380e-02    1.5830799790450545e-05
    32.00    12.118    1.2337018251045079e-02    3.1078535577030997e-05
    33.00    12.743    1.2325402928367887e-02    1.5029712347569557e-05
    34.00    13.397    1.2315945626503750e-02    1.7989582834943008e-05
    35.00    14.052    1.2306998122669447e-02    2.2529544027705128e-05
    36.00    14.682    1.2298452673323697e-02    1.4799827163791690e-05
    37.00    15.309    1.2290323132231842e-02    1.3553572827618154e-05
    38.00    15.759    1.2282554948649101e-02    1.8046187326703489e-05
    39.00    16.205    1.2275118625702047e-02    1.3918566011739131e-05
    40.00    16.674    1.2268013991285921e-02    1.7430838436638396e-05
    41.00    17.125    1.2261161304518252e-02    1.6982338854720780e-05
    42.00    17.590    1.2254600592091257e-02    1.6088699005933904e-05
    43.00    18.054    1.2248262601637460e-02    1.3884596360203005e-05
    44.00    18.511    1.2242172164513050e-02    1.3874722647688742e-05
    45.00    18.886    1.2236341351745920e-02    2.0753633194203758e-05
    46.00    19.240    1.2230623611242272e-02    1.4558386081997554e-05
    47.00    19.592    1.2225149124078717e-02    1.9672642744605895e-05
    48.00    19.963    1.2219839766205677e-02    1.7895515270538453e-05
    49.00    20.321    1.2214729325320322e-02    2.7327472973848188e-05
    50.00    20.675    1.2209681323673716e-02    1.1464923783677250e-05
    51.00    21.042    1.2205057485629211e-02    1.2707650615340071e-05
    52.00    21.416    1.2200660542572982e-02    1.0203891661397790e-05
    53.00    21.780    1.2196394046015142e-02    8.4701008375986930e-06
    54.00    22.134    1.2192248878181334e-02    1.0757586480947268e-05
    55.00    22.430    1.2188213108755955e-02    1.1063740033678826e-05
    56.00    22.720    1.2184287832202965e-02    1.5090979036624930e-05
    57.00    23.015    1.2180445399139851e-02    1.3405420836942739e-05
    58.00    23.312    1.2176734498028531e-02    1.5402621575288933e-05
    59.00    23.607    1.2173201677699539e-02    1.0970270358123813e-05
    60.00    23.902    1.2169760455709123e-02    7.8655684596640185e-06
    61.00    24.158    1.2166401426996275e-02    8.1182090738707302e-06
    62.00    24.408    1.2163212252527783e-02    7.5622925059803947e-06
    63.00    24.658    1.2160096079538905e-02    8.7524549914341776e-06
    64.00    24.909    1.2157095676260414e-02    1.3060937543940554e-05
    65.00    25.168    1.2154228711999285e-02    9.9915539522044128e-06
    66.00    25.431    1.2151428990304353e-02    7.0838427617125888e-06
    67.00    25.682    1.2148692543199391e-02    8.1930586226519608e-06
    68.00    25.899    1.2146017945347412e-02    1.0403442036732713e-05
    69.00    26.118    1.2143390805053368e-02    9.6650288199384704e-06
    70.00    26.346    1.2140815198772661e-02    9.2634014166037559e-06
    71.00    26.564    1.2138287047368135e-02    6.7412529318744419e-06
    72.00    26.783    1.2135811225668494e-02    6.5204635433246949e-06
    73.00    27.002    1.2133382657319967e-02    7.8051799334843963e-06
    74.00    27.219    1.2130994509598158e-02    6.8345562175137209e-06
    75.00    27.444    1.2128649828497921e-02    7.1181461815464364e-06
    76.00    27.663    1.2126659300202848e-02    1.2803196661970162e-05
    77.00    27.886    1.2124887810357022e-02    6.1950440706226573e-06
    78.00    28.104    1.2123155450876820e-02    5.9935384761899968e-06
    79.00    28.329    1.2121449381797461e-02    6.0093230427327171e-06
    80.00    28.546    1.2119768836275668e-02    6.2392522597320976e-06
    81.00    28.766    1.2118113492198350e-02    5.9077975098631441e-06
    82.00    28.986    1.2116482590819220e-02    7.4763535860000729e-06
    83.00    29.212    1.2114873423174187e-02    7.2206614849523731e-06
    84.00    29.439    1.2113288588926678e-02    8.8701491300913204e-06
    85.00    29.661    1.2111721539247635e-02    7.3755759337768012e-06
    86.00    29.880    1.2110177557957128e-02    5.9402924286189318e-06
    87.00    30.104    1.2108654773719861e-02    6.7406924237900512e-06
    88.00    30.325    1.2107148173108796e-02    5.9953161279935330e-06
    89.00    30.551    1.2105664153063437e-02    7.9764337286292175e-06
    90.00    30.770    1.2104196138124338e-02    6.6619593055428084e-06
    91.00    30.999    1.2102747098499836e-02    6.0096449896462900e-06
    92.00    31.226    1.2101316462424112e-02    5.2317558143499809e-06
    93.00    31.464    1.2099902016163630e-02    5.5566516312666181e-06
    94.00    31.682    1.2098504639743955e-02    5.4330714185368834e-06
    95.00    31.900    1.2097123295329984e-02    5.6385371376421745e-06
    96.00    32.117    1.2095758388353856e-02    6.8604461627153057e-06
    97.00    32.336    1.2094408454255313e-02    7.1225659229456895e-06
    98.00    32.554    1.2093072705063690e-02    5.8788790083807996e-06
    99.00    32.774    1.2091752292031410e-02    5.8206679027783537e-06
   100.00    32.997    1.2090446513133181e-02    6.4506718889800752e-06
   101.00    33.224    1.2089154720995542e-02    7.0096234841554583e-06
   102.00    33.448    1.2087875581955490e-02    5.2224974620429521e-06
   103.00    33.673    1.2086610643602624e-02    4.9259866834461263e-06
   104.00    33.891    1.2085358363587312e-02    5.2799716865337132e-06
   105.00    34.110    1.2084121047621459e-02    5.2789088922367000e-06
   106.00    34.329    1.2082915737714842e-02    5.5011387935510747e-06
   107.00    34.550    1.2081722337010381e-02    5.0821617172402966e-06
   108.00    34.777    1.2080540534312591e-02    5.0272414799934495e-06
   109.00    35.021    1.2079637565390785e-02    4.6898950909479709e-06
   110.00    35.250    1.2078807493270539e-02    5.5698514387358955e-06
   111.00    35.472    1.2077993721134472e-02    4.6881219759598025e-06
   112.00    35.704    1.2077202963296729e-02    5.1332049331165308e-06
   113.00    35.924    1.2076438601826269e-02    5.5219275800766354e-06
   114.00    36.200    1.2075686639399483e-02    5.4613310727091857e-06
   115.00    36.502    1.2074946868956091e-02    4.4997756400988465e-06
   116.00    36.803    1.2074218775021560e-02    5.4557611743888401e-06
   117.00    37.104    1.2073501456841527e-02    4.7290171796277036e-06
   118.00    37.418    1.2072795221954868e-02    5.1722548519705924e-06
   119.00    37.723    1.2072098934239751e-02    4.9446183432166890e-06
   120.00    38.943    1.2071416447846569e-02    3.9000945299960676e-06
   121.00    41.611    1.2070746680952269e-02    5.1963139355848398e-06
   122.00    42.803    1.2070086451494889e-02    3.9950946906230911e-06
   123.00    43.708    1.2069434855263603e-02    4.9817630181081540e-06
   124.00    44.340    1.2068791956712770e-02    4.4038491253672873e-06
   125.00    44.968    1.2068158157065948e-02    5.2793693328112568e-06
   126.00    45.460    1.2067530995888346e-02    3.9948464163330755e-06
   127.00    45.928    1.2066911991389860e-02    4.9450584267418662e-06
   128.00    46.390    1.2066300465698104e-02    3.6648760506352573e-06
   129.00    46.890    1.2065695289014605e-02    4.4213536476434001e-06
   130.00    47.379    1.2065097660855407e-02    4.1951154283736969e-06
   131.00    47.872    1.2064506858017380e-02    4.0733751998089929e-06
   132.00    48.355    1.2063922588637019e-02    4.1545130216036341e-06
   133.00    48.757    1.2063345017153778e-02    4.7677382966071491e-06
   134.00    49.151    1.2062782956756755e-02    4.8240871652893702e-06
   135.00    49.532    1.2062244446946752e-02    4.4230085816110432e-06
   136.00    49.916    1.2061713468033627e-02    4.7937007927600916e-06
   137.00    50.303    1.2061188602449084e-02    3.7665605390202472e-06
   138.00    50.609    1.2060670281171011e-02    4.3141728376383526e-06
   139.00    50.922    1.2060158489598431e-02    4.4884568453085194e-06
   140.00    51.221    1.2059652577566141e-02    4.2646738869223100e-06
   141.00    51.525    1.2059152755552057e-02    4.0275664652256182e-06
   142.00    51.838    1.2058658857954119e-02    3.7117098319328079e-06
   143.00    52.132    1.2058170473803387e-02    4.3285443691587489e-06
   144.00    52.393    1.2057687494963970e-02    3.9073640838438450e-06
   145.00    52.664    1.2057210154976830e-02    4.3677770804606553e-06
   146.00    52.929    1.2056738532159234e-02    3.2083279144501375e-06
   147.00    53.206    1.2056271546055769e-02    4.7893590728875779e-06
   148.00    53.470    1.2055808672868045e-02    3.5573854901826962e-06
   149.00    53.733    1.2055351357515986e-02    4.2257105921095217e-06
   150.00    53.995    1.2054898767031788e-02    3.7881952064111601e-06
   151.00    54.260    1.2054451009395058e-02    3.6197369084334241e-06
   152.00    54.520    1.2054008327486628e-02    4.5559869974454159e-06
   153.00    54.779    1.2053569178032429e-02    3.3621333823674604e-06
   154.00    55.039    1.2053134656492250e-02    3.8944028677434517e-06
   155.00    55.299    1.2052704742241892e-02    3.5399157098936485e-06
   156.00    55.555    1.2052279211089964e-02    4.2512706777131370e-06
   157.00    55.777    1.2051857271570581e-02    3.5879772308788915e-06
   158.00    56.001    1.2051439682597760e-02    3.4890052127423132e-06
   159.00    56.224    1.2051026219442795e-02    4.1271947388565877e-06
   160.00    56.452    1.2050616267818089e-02    3.6723661622772852e-06
   161.00    56.670    1.2050210377653621e-02    3.5490628373935351e-06
   162.00    56.893    1.2049808250067172e-02    3.8288101507077954e-06
   163.00    57.116    1.2049409755898971e-02    3.4531983317265258e-06
   164.00    57.339    1.2049014948473571e-02    3.6624882540081671e-06
   165.00    57.561    1.2048624007997319e-02    3.9637055184726933e-06
   166.00    57.784    1.2048236285229344e-02    3.3272217709878760e-06
   167.00    58.003    1.2047852115536098e-02    3.4368139285589905e-06
   168.00    58.226    1.2047471418154604e-02    3.5664910615906820e-06
   169.00    58.450    1.2047094095884279e-02    3.6976238604324863e-06
   170.00    58.670    1.2046722086317400e-02    3.1864222069799553e-06
   171.00    58.902    1.2046368108864912e-02    3.9463415930640622e-06
   172.00    59.124    1.2046016909440793e-02    3.1977092120882844e-06
   173.00    59.348    1.2045669281039820e-02    3.0361877065843146e-06
   174.00    59.573    1.2045325017500602e-02    3.9876507536007466e-06
   175.00    59.803    1.2044983171718267e-02    2.8527425293134456e-06
   176.00    60.029    1.2044644670937941e-02    3.9726221068292489e-06
   177.00    60.253    1.2044308396089705e-02    2.9888775259223621e-06
   178.00    60.477    1.2043975159211693e-02    3.3712434959198845e-06
   179.00    60.700    1.2043644829982658e-02    3.3589156593905045e-06
   180.00    60.920    1.2043317352577207e-02    2.8765536992381158e-06
   181.00    61.146    1.2042992284158546e-02    3.4537046094129664e-06
   182.00    61.368    1.2042669919299205e-02    3.3183947660830881e-06
   183.00    61.590    1.2042350135649544e-02    3.1563576268212046e-06
   184.00    61.811    1.2042033320407855e-02    2.7136931279869714e-06
   185.00    62.030    1.2041726668530402e-02    3.1241001323678574e-06
   186.00    62.251    1.2041422904475671e-02    3.3961357388534452e-06
   187.00    62.472    1.2041121461272064e-02    3.0819262804016034e-06
   188.00    62.693    1.2040822470474359e-02    3.0041544007985976e-06
   189.00    62.918    1.2040526057830781e-02    3.5159889897329322e-06
   190.00    63.145    1.2040231471273416e-02    3.1942666396389541e-06
   191.00    63.367    1.2039939313931837e-02    3.1120470254109023e-06
   192.00    63.588    1.2039649373564722e-02    2.9481973449207999e-06
   193.00    63.812    1.2039361590345170e-02    3.0384319806842086e-06
   194.00    64.033    1.2039075988194675e-02    3.1834527440821603e-06
   195.00    64.261    1.2038792442682845e-02    2.8854604217087854e-06
   196.00    64.488    1.2038510979183629e-02    2.8856127229914819e-06
   197.00    64.715    1.2038231548309105e-02    2.8248035981448538e-06
   198.00    64.935    1.2037954137803921e-02    3.1512662523880408e-06
   199.00    65.169    1.2037678684769917e-02    2.6898231482164192e-06
   200.00    65.389    1.2037405202231500e-02    3.0028593656084013e-06
   201.00    65.610    1.2037144465734652e-02    3.6218576404678515e-06
   202.00    65.836    1.2036931909110175e-02    2.9209096581439553e-06
   203.00    66.119    1.2036722918624725e-02    2.4541337957373344e-06
   204.00    66.428    1.2036516280974205e-02    2.8041846462656395e-06
   205.00    66.732    1.2036312410008271e-02    2.5783907785514870e-06
   206.00    67.039    1.2036110572453768e-02    3.1386780356967847e-06
   207.00    67.370    1.2035910685431320e-02    2.7522395100731956e-06
   208.00    67.692    1.2035713087697068e-02    2.4155356648236648e-06
   209.00    68.996    1.2035517199334975e-02    2.7702963443232420e-06
   210.00    69.831    1.2035323180466908e-02    2.8188201603995822e-06
   211.00    70.504    1.2035130835165326e-02    2.6027483563950682e-06
   212.00    71.127    1.2034940220589209e-02    2.4397796529740390e-06
   213.00    71.591    1.2034751271694984e-02    2.9227107205542779e-06
   214.00    72.059    1.2034563871143766e-02    2.8362356339073358e-06
   215.00    72.527    1.2034378032761904e-02    2.5396464025106980e-06
   216.00    73.035    1.2034193803443761e-02    2.5183483600699219e-06
   217.00    73.509    1.2034011072024325e-02    2.5064739261893010e-06
   218.00    73.979    1.2033830230777229e-02    2.6872532430388674e-06
   219.00    74.464    1.2033652610262931e-02    2.8464409957962289e-06
   220.00    75.566    1.2033476271147562e-02    2.5051456091773616e-06
   221.00    76.557    1.2033301492085010e-02    2.4265549747326531e-06
   222.00    77.209    1.2033128134497438e-02    2.4659173156749148e-06
   223.00    77.914    1.2032980912717896e-02    2.7904791970456699e-06
   224.00    78.634    1.2032850512608941e-02    2.6845776730510806e-06
   225.00    79.271    1.2032722616253971e-02    2.7341102217803837e-06
   226.00    79.958    1.2032596662077889e-02    2.3457093476508817e-06
   227.00    82.228    1.2032473888532241e-02    2.2884751587071150e-06
   228.00    83.315    1.2032354888837910e-02    1.9839692804168862e-06
   229.00    83.959    1.2032238100036554e-02    1.9078752551138223e-06
   230.00    84.656    1.2032123259936973e-02    1.9599135896442021e-06
   231.00    85.369    1.2032010397348188e-02    2.3332310910006981e-06
   232.00    86.044    1.2031899394004283e-02    2.2765827374371383e-06
   233.00    86.724    1.2031790156170195e-02    2.1220799233390153e-06
   234.00    87.207    1.2031682633354952e-02    2.1354055448341569e-06
   235.00    87.711    1.2031576759678845e-02    2.0312726682902849e-06
   236.00    88.240    1.2031472465602268e-02    1.9732806926242574e-06
   237.00    88.703    1.2031369721582494e-02    2.0270066514171958e-06
   238.00    89.175    1.2031268500761846e-02    2.0365765109886524e-06
   239.00    89.646    1.2031168760095655e-02    2.0566095457752454e-06
   240.00    90.116    1.2031070474683644e-02    2.0499395247952634e-06
   241.00    90.490    1.2030973596772097e-02    1.9646866888933801e-06
   242.00    90.859    1.2030878124905874e-02    1.9825510264581681e-06
   243.00    91.232    1.2030784034260108e-02    2.0655960035753651e-06
   244.00    91.602    1.2030691250598753e-02    1.9124950831894694e-06
   245.00    91.990    1.2030599786244638e-02    1.9850535188936647e-06
   246.00    92.386    1.2030509617417846e-02    1.9175256653625183e-06
   247.00    92.753    1.2030420760661582e-02    1.9068620780160472e-06
   248.00    93.123    1.2030333146030523e-02    1.9508039414972700e-06
   249.00    93.510    1.2030246746850359e-02    1.9299745446232919e-06
   250.00    94.028    1.2030161576917362e-02    1.8132896713041191e-06
   251.00    94.656    1.2030077602575278e-02    1.7737398465555998e-06
   252.00    95.345    1.2029994880307784e-02    1.8803763843777688e-06
   253.00    95.824    1.2029913353258911e-02    1.7456453349495860e-06
   254.00    96.328    1.2029832979232569e-02    1.8631163847260268e-06
   255.00    96.800    1.2029753776731477e-02    1.8724988173346446e-06
   256.00    97.241    1.2029675746347619e-02    1.9551053647148819e-06
   257.00    97.618    1.2029598780530519e-02    1.8682890434718047e-06
   258.00    97.992    1.2029522919073006e-02    1.8100616827609883e-06
   259.00    98.365    1.2029448133405807e-02    1.7048752454229543e-06
   260.00    98.733    1.2029374426002255e-02    1.5726618194378261e-06
   261.00    99.098    1.2029301751225819e-02    1.6419480566298716e-06
   262.00    99.464    1.2029230136599713e-02    1.5861785485071778e-06
   263.00    99.829    1.2029159520029590e-02    1.7233361191415497e-06
   264.00   100.199    1.2029089899708327e-02    1.6807725486955860e-06
   265.00   100.581    1.2029021272140856e-02    1.5615872577257051e-06
   266.00   100.918    1.2028953623815435e-02    1.5358617666549890e-06
   267.00   101.231    1.2028886930585542e-02    1.7323095953258871e-06
   268.00   101.534    1.2028821184162548e-02    1.7815767101581059e-06
   269.00   101.831    1.2028756302204190e-02    1.6363935699814647e-06
   270.00   102.138    1.2028692374322325e-02    1.7038025426074910e-06
   271.00   102.441    1.2028629303768678e-02    1.6744162358861558e-06
   272.00   102.711    1.2028567102390029e-02    1.5762484224524087e-06
   273.00   102.977    1.2028505775831819e-02    1.6174921810829801e-06
   274.00   103.234    1.2028445313321220e-02    1.6254436587814780e-06
   275.00   103.491    1.2028385687132716e-02    1.5793232854832695e-06
   276.00   103.747    1.2028326889920695e-02    1.5089977125626319e-06
   277.00   104.001    1.2028268918658956e-02    1.4920345492441811e-06
   278.00   104.233    1.2028211748848746e-02    1.4402859953577263e-06
   279.00   104.453    1.2028155368438841e-02    1.3626687618284450e-06
   280.00   104.683    1.2028099760808557e-02    1.3220243175737778e-06
   281.00   104.901    1.2028044881072390e-02    1.4314790455216553e-06
   282.00   105.124    1.2027990791864528e-02    1.5402450017631963e-06
   283.00   105.351    1.2027937415108218e-02    1.4871490137124965e-06
   284.00   105.570    1.2027884782979899e-02    1.2884343547625576e-06
   285.00   105.787    1.2027832918199772e-02    1.2657385050074410e-06
   286.00   106.004    1.2027781647036041e-02    1.2472964776577555e-06
   287.00   106.226    1.2027731106407230e-02    1.3427104583740856e-06
   288.00   106.444    1.2027681274819227e-02    1.4091962974305261e-06
