    epoch   elapsed                       val                 norm_grad
     0.00     0.000    6.9314718055858948e-01    4.8298395896736979e-01
     1.00     0.311    2.3131202825872617e-02    1.8910604852702129e-03
     2.00     0.625    1.6930783122285676e-02    5.2425337624839585e-04
     3.00     0.935    1.6703460149331020e-02    1.9159704328219895e-03
     4.00     1.246    1.6312102081495035e-02    2.0866550219980073e-03
     5.00     1.565    1.4155366241940099e-02    1.0154282871424058e-03
     6.00     1.903    1.5779361319449400e-02    2.2546383812054316e-03
     7.00     2.229    1.3084533163445853e-02    1.1707519198906891e-03
     8.00     2.547    1.2893540681008120e-02    8.7889751968184271e-04
     9.00     2.860    1.6836531437102974e-02    6.2605753681472809e-03
    10.00     3.156    1.2573461647842286e-02    8.1813578829414979e-05
    11.00     3.417    1.4898601549900525e-02    2.2615828124459281e-03
    12.00     3.687    1.2539543632638810e-02    2.1590099155988085e-04
    13.00     3.951    1.2920956590826727e-02    1.6275825775902142e-03
    14.00     4.214    1.2554176930511876e-02    6.4927364104683249e-04
    15.00     4.476    1.2595699644854389e-02    7.8613965115148510e-04
    16.00     4.762    1.2997621736926751e-02    1.3988763514241054e-03
    17.00     5.027    1.2549476149475627e-02    8.2424515484724736e-04
    18.00     5.306    1.2484936150865811e-02    7.6788971691654773e-04
    19.00     5.564    1.3420754455603633e-02    1.7306896975373132e-03
    20.00     5.821    1.3480932192605898e-02    1.8305416066788371e-03
    21.00     6.080    1.3134082615871061e-02    1.6158949593415572e-03
    22.00     6.339    1.2465337380355671e-02    8.4123643596278885e-04
    23.00     6.594    1.5472937029043472e-02    2.6218167958109717e-03
    24.00     6.815    1.2557873018718449e-02    1.0418657157122979e-03
    25.00     7.039    1.3471350141676745e-02    3.0144141204868635e-03
    26.00     7.263    1.2452532154140356e-02    8.1419217131473154e-04
    27.00     7.485    1.2755769912366622e-02    1.2817177578565708e-03
    28.00     7.708    1.2315146714782616e-02    2.6625140026947935e-04
    29.00     7.930    1.2344534290754305e-02    5.8831970976058745e-04
    30.00     8.155    1.2288163366552113e-02    3.1160388129769512e-04
    31.00     8.378    1.2261273483817231e-02    3.9394015959115514e-04
    32.00     8.599    1.2240811879029876e-02    1.9628368861268619e-04
    33.00     8.822    1.2242593741703153e-02    2.2243391160747805e-04
    34.00     9.049    1.2579372996979978e-02    1.1366432739824406e-03
    35.00     9.272    1.2265541672029801e-02    4.3009828920104187e-04
    36.00     9.497    1.7644102021754232e-02    7.9272060443301706e-03
    37.00     9.721    1.2505039367053170e-02    1.0392427213755662e-03
    38.00     9.949    1.2523998763615969e-02    1.0842113291084088e-03
    39.00    10.174    1.2353104124337029e-02    7.6810359247891924e-04
    40.00    10.396    1.2280770405699052e-02    5.5535222043323618e-04
    41.00    10.619    1.3164867653871669e-02    1.7340858597543196e-03
    42.00    10.850    1.2364136214426807e-02    7.9032306704251987e-04
    43.00    11.074    1.2237924589008976e-02    2.6819322044913108e-04
    44.00    11.300    1.2198981319640352e-02    1.7147204165823826e-04
    45.00    11.526    1.2519801679770830e-02    1.1021456202688906e-03
    46.00    11.747    1.2204802174012555e-02    3.2566016024060396e-04
    47.00    11.970    1.2330677212644777e-02    7.4985330582688636e-04
    48.00    12.191    1.2702565707309545e-02    1.8409337601589248e-03
    49.00    12.411    1.2457872617940888e-02    1.0331185737177950e-03
    50.00    12.638    1.2450074029767860e-02    1.2564654465099245e-03
    51.00    12.860    1.2488689383098222e-02    1.0869902489379912e-03
    52.00    13.086    1.2413792364885339e-02    9.6430433100314072e-04
    53.00    13.310    1.2550808328648680e-02    1.5381610994773531e-03
    54.00    13.531    1.2629222649975680e-02    1.2847353477540846e-03
    55.00    13.779    1.2202396711582722e-02    3.2378467232585528e-04
    56.00    14.007    1.2274639146792910e-02    6.4185605447242278e-04
    57.00    14.232    1.2264577552469702e-02    6.1223448875236119e-04
    58.00    14.457    1.2215686858495459e-02    4.8867540738262161e-04
    59.00    14.677    1.2316129873520395e-02    7.7473881637435404e-04
    60.00    14.900    1.2179607790244445e-02    2.2675942366889856e-04
    61.00    15.123    1.2397128158919557e-02    9.5615088018974337e-04
    62.00    15.346    1.2174446020633138e-02    1.6264111978436802e-04
    63.00    15.573    1.2226123517134393e-02    5.5115021672336173e-04
    64.00    15.799    1.2373210113293117e-02    9.0343789712998834e-04
    65.00    16.027    1.2266741834357652e-02    6.2701372264706290e-04
    66.00    16.251    1.2183808049428974e-02    2.3579909209381356e-04
    67.00    16.476    1.2388183119495058e-02    1.1234580354929635e-03
    68.00    16.700    1.2268348961991185e-02    7.3899138784949692e-04
    69.00    16.924    1.2601795067135206e-02    1.6452345503478183e-03
    70.00    17.150    1.2190646453440536e-02    2.9225249074360526e-04
    71.00    17.378    1.2169096609341290e-02    7.4850763410516663e-05
    72.00    17.601    1.2301376141582051e-02    8.8930343569115777e-04
    73.00    17.827    1.2755280644499946e-02    1.9535406379262987e-03
    74.00    18.049    1.2227185704874828e-02    5.0601708559794289e-04
    75.00    18.281    1.3449093836321398e-02    3.1248683125284504e-03
    76.00    18.508    1.2163854345354712e-02    9.6254965239340323e-05
    77.00    18.742    1.2282659203030552e-02    8.2128692227034783e-04
    78.00    18.978    1.2265874439283408e-02    6.6230313474691105e-04
    79.00    19.202    1.2442415513646903e-02    1.3108552609919499e-03
    80.00    19.430    1.2480867340298725e-02    1.3937947419438990e-03
    81.00    19.662    1.2201882612494948e-02    4.2621300590484079e-04
    82.00    19.891    1.2744678912810349e-02    1.9477527609289558e-03
    83.00    20.115    1.2407662396701904e-02    9.5028912225292306e-04
    84.00    20.339    1.2184556295775129e-02    2.7351786713580850e-04
    85.00    20.563    1.2184960607835409e-02    3.1133590128062938e-04
    86.00    20.788    1.2176712050641853e-02    2.6573184197853372e-04
    87.00    21.012    1.2368456694560631e-02    9.0471155141724768e-04
    88.00    21.235    1.2275720552015392e-02    8.2067529883433910e-04
    89.00    21.467    1.2556218282775686e-02    1.2082439272508294e-03
    90.00    21.691    1.2463191147432814e-02    1.0769785953868016e-03
    91.00    21.920    1.2181986682788601e-02    3.6640306853208404e-04
    92.00    22.151    1.2153969196678048e-02    4.1121749090766713e-05
    93.00    22.419    1.2204902743253001e-02    5.1254366256303641e-04
    94.00    22.682    1.2170555169700340e-02    3.0970214646696814e-04
    95.00    22.947    1.2176238786070824e-02    3.5579796499507488e-04
    96.00    23.209    1.2291532387314090e-02    7.6312093366015521e-04
    97.00    23.475    1.2226661058009805e-02    5.6531258275205332e-04
    98.00    23.756    1.2581264244947505e-02    1.2598159096910422e-03
    99.00    24.022    1.2293263460922752e-02    7.6504201545907202e-04
   100.00    24.250    1.2505894092921580e-02    1.1557001281036761e-03
   101.00    24.479    1.2184692602807797e-02    3.8302653653604635e-04
   102.00    24.705    1.2173666256342605e-02    3.4236663368425457e-04
   103.00    24.929    1.2269665572259159e-02    7.2057557176291587e-04
   104.00    25.155    1.2154740942774720e-02    1.9865724456802347e-04
   105.00    25.382    1.2266455749260129e-02    6.8472939648300812e-04
   106.00    25.611    1.2173897338062591e-02    3.2545137986833561e-04
   107.00    25.838    1.2168385790392929e-02    3.2092766818447860e-04
   108.00    26.066    1.2221733509500553e-02    5.7141485084234766e-04
   109.00    26.290    1.2151587421092977e-02    2.1011836352996527e-04
   110.00    26.517    1.2157290873639004e-02    2.0761725734369518e-04
   111.00    26.741    1.2430083853289130e-02    1.0543171507884086e-03
   112.00    26.965    1.2694455067873504e-02    1.4007103187936298e-03
   113.00    27.196    1.2189644587700863e-02    4.5873628340958872e-04
   114.00    27.450    1.2297363667826543e-02    9.4926199903921926e-04
   115.00    27.760    1.2233579633187032e-02    7.2608149883290896e-04
   116.00    28.073    1.2465510884742050e-02    1.4206758126426022e-03
   117.00    28.388    1.2754254551181638e-02    1.4573434682148001e-03
   118.00    28.696    1.2148031704294938e-02    1.4451120102410009e-04
   119.00    29.005    1.2248480415675424e-02    7.7694739353706410e-04
   120.00    29.287    1.2299215417433155e-02    7.9902795049296982e-04
   121.00    29.552    1.2219329207273553e-02    6.4972585388789472e-04
   122.00    29.824    1.2375653794592071e-02    9.6363899659523966e-04
   123.00    30.089    1.2141330343707372e-02    1.2645236946307037e-04
   124.00    30.352    1.2395318421926524e-02    9.9472352502016914e-04
   125.00    30.620    1.2402318560451072e-02    1.0120497929808070e-03
   126.00    30.886    1.2706552957345973e-02    1.9468759478484809e-03
   127.00    31.147    1.2464506979927195e-02    1.1134984666091863e-03
   128.00    31.416    1.2138939938022611e-02    6.6556011847323528e-05
   129.00    31.678    1.2183587760235757e-02    4.8207804643490837e-04
   130.00    31.944    1.2225699202947471e-02    6.9829702577844932e-04
   131.00    32.211    1.2629563113973683e-02    1.3319420190001097e-03
   132.00    32.482    1.2196457373547962e-02    5.6047443307194467e-04
   133.00    32.813    1.2171400352176625e-02    3.9196030927423015e-04
   134.00    33.221    1.2179508535183245e-02    4.3270722781640946e-04
   135.00    33.604    1.2423646424559743e-02    1.0568401861906218e-03
   136.00    33.981    1.2314636564469279e-02    1.0209991634794746e-03
   137.00    34.356    1.2251855556635613e-02    6.9786175234298753e-04
   138.00    35.063    1.2140051875439019e-02    1.3771347787772115e-04
   139.00    35.761    1.2138470459320257e-02    7.4170093074952398e-05
   140.00    38.249    1.2139448269608799e-02    2.8420182834990558e-05
   141.00    39.654    1.2175139195864132e-02    4.1025772202263333e-04
   142.00    40.320    1.2154710211152909e-02    3.0153668819637991e-04
   143.00    41.024    1.2160775655203140e-02    3.6231394689328900e-04
   144.00    41.812    1.2216485549115527e-02    5.9130357752179043e-04
   145.00    42.547    1.2184859852724026e-02    5.1541382119024703e-04
   146.00    43.228    1.2210951596363914e-02    5.7340389731122261e-04
   147.00    45.704    1.2139657490483416e-02    1.5969947606525592e-04
   148.00    46.606    1.2154383208255300e-02    3.1515792910309106e-04
   149.00    47.355    1.2136768866835469e-02    1.0367002040567730e-04
   150.00    48.062    1.2284008319243566e-02    9.2801660632579885e-04
   151.00    48.566    1.2271131684298386e-02    8.7584198517387524e-04
   152.00    49.048    1.2143739660657488e-02    2.1537516615333097e-04
   153.00    49.560    1.2133792080944759e-02    2.8299557431704821e-05
   154.00    50.037    1.2223722128980541e-02    7.0721871766393773e-04
   155.00    50.513    1.2154993751552148e-02    3.1542497939557324e-04
   156.00    51.041    1.2215799281546562e-02    6.7382318086572912e-04
   157.00    51.629    1.2152276329135125e-02    3.0506043942835070e-04
   158.00    53.015    1.2280468808350193e-02    9.3030670233135160e-04
   159.00    55.940    1.2137130847510920e-02    1.3404619637024783e-04
   160.00    57.034    1.2315872814834634e-02    1.0155183677021395e-03
   161.00    57.721    1.2135301706469932e-02    2.9125025611920208e-05
   162.00    58.465    1.2131876108183632e-02    1.6028014491409337e-05
   163.00    59.179    1.2150739132058282e-02    3.0494076634426958e-04
   164.00    59.864    1.2147022617729111e-02    2.5963612365542676e-04
   165.00    60.455    1.2219120923758086e-02    6.0719775584873372e-04
   166.00    60.937    1.2282421596332254e-02    7.8891874356806779e-04
   167.00    61.422    1.2167815831559948e-02    4.4402021774514466e-04
   168.00    61.930    1.2181944159243740e-02    4.8037392572737592e-04
   169.00    62.418    1.2400271719569568e-02    1.2825538033910955e-03
   170.00    62.914    1.2225379654313119e-02    7.2726179382398559e-04
   171.00    63.426    1.2254066849403755e-02    7.2124481728086387e-04
   172.00    63.863    1.2356663708177429e-02    9.5157922531924344e-04
   173.00    64.244    1.2294656562342738e-02    9.8111954489898956e-04
   174.00    64.623    1.2147189587732152e-02    2.8058092287375127e-04
   175.00    65.000    1.2134625978104331e-02    1.5631072550692515e-04
   176.00    65.413    1.2134602565563696e-02    1.6358707058439226e-04
   177.00    65.810    1.2166021068512564e-02    4.3486339578358013e-04
   178.00    66.192    1.2295928095444974e-02    9.8833648319102130e-04
   179.00    66.569    1.2146851299978266e-02    2.8384326386110548e-04
   180.00    66.952    1.2153856329137102e-02    3.4012782450448809e-04
   181.00    67.317    1.2137099315206620e-02    2.1003090805216118e-04
   182.00    67.627    1.2135509481202624e-02    1.6263468600619113e-04
   183.00    67.942    1.2303160993959956e-02    1.0075428241142492e-03
   184.00    68.253    1.2138935393324463e-02    2.1980532672538633e-04
   185.00    68.571    1.2212531144629750e-02    6.8359144323615340e-04
   186.00    68.888    1.2248671984560562e-02    7.1632397179846596e-04
   187.00    69.201    1.2137990290671710e-02    2.2698264106357779e-04
   188.00    69.515    1.2142889220969653e-02    2.7170982757035445e-04
   189.00    69.839    1.2132967367010803e-02    1.5542424128922594e-04
   190.00    70.169    1.2160366349900019e-02    3.9880271257719535e-04
   191.00    70.479    1.2373798320978435e-02    1.2173350385098480e-03
   192.00    70.780    1.2242994334114181e-02    8.0496855997386207e-04
   193.00    71.046    1.2136034120415582e-02    1.9640447353027430e-04
   194.00    71.310    1.2131244304803383e-02    1.2351435811397415e-04
   195.00    71.605    1.2151789678905883e-02    3.7076504283861667e-04
   196.00    71.873    1.2334622484725839e-02    9.1765525791501212e-04
   197.00    72.151    1.2244388269312342e-02    8.1896523744406924e-04
   198.00    72.417    1.2157896607147370e-02    3.8168194881108009e-04
   199.00    72.686    1.2130465988992901e-02    1.3453001804752951e-04
   200.00    72.951    1.2436221963580480e-02    1.3878376544735338e-03
   201.00    73.252    1.2248819980400557e-02    8.3646542727353057e-04
   202.00    73.549    1.2339067332037329e-02    9.2416212910478857e-04
   203.00    73.818    1.2329159223144320e-02    9.0725888997800208e-04
   204.00    74.082    1.2137461215765404e-02    2.3166512088640401e-04
   205.00    74.330    1.2154172130121509e-02    3.6035516998209061e-04
   206.00    74.562    1.2157173889418988e-02    4.0642797888626458e-04
   207.00    74.788    1.2247448756984667e-02    8.3205822934634410e-04
   208.00    75.017    1.2157050870241619e-02    3.8042150018829934e-04
   209.00    75.246    1.2125832385493080e-02    6.4141737730027222e-05
   210.00    75.472    1.2136241609542839e-02    2.1576027649239382e-04
   211.00    75.699    1.2149971207454709e-02    3.4341335564253006e-04
   212.00    75.925    1.2131408689068189e-02    1.2424710169553488e-04
   213.00    76.158    1.2131752888759928e-02    1.6613827451836261e-04
   214.00    76.395    1.2191783377607438e-02    6.0849569829454775e-04
   215.00    76.624    1.2124926236976018e-02    7.9436211046834959e-05
   216.00    76.857    1.2122752998178530e-02    1.9051384116918575e-05
   217.00    77.084    1.2135639441539614e-02    2.3759388534819181e-04
   218.00    77.310    1.2132838850211960e-02    2.1779923042769544e-04
   219.00    77.537    1.2240439611493625e-02    8.1137828247548893e-04
   220.00    77.786    1.2124025512838230e-02    1.4844637869211195e-05
   221.00    78.096    1.2146206868996071e-02    3.2573393062848566e-04
   222.00    78.408    1.2135403884090578e-02    1.4913094636093138e-04
   223.00    78.718    1.2126393235287719e-02    5.4871464760301164e-05
   224.00    79.047    1.2275986576623430e-02    7.9069804649595232e-04
   225.00    79.377    1.2172982122994027e-02    4.6526597672755243e-04
   226.00    79.832    1.2125337831684891e-02    8.6506099511853701e-05
   227.00    80.373    1.2132378904335314e-02    1.9872708775658943e-04
   228.00    80.899    1.2123634759745990e-02    3.0145095976347180e-05
   229.00    83.157    1.2263191386408941e-02    8.9417389484539034e-04
   230.00    84.903    1.2135659239523399e-02    2.4124211244300198e-04
   231.00    85.568    1.2139944223675359e-02    2.7152047737830087e-04
   232.00    86.265    1.2244540649503286e-02    7.1724708583253971e-04
   233.00    86.872    1.2126431797954708e-02    1.2362675719157501e-04
   234.00    87.360    1.2122648847720697e-02    3.7526681527704598e-05
   235.00    87.850    1.2127173068985087e-02    1.4991868942570985e-04
   236.00    88.336    1.2152574209411803e-02    3.7342410780200064e-04
   237.00    88.721    1.2291194916826382e-02    8.3394097199385175e-04
   238.00    89.139    1.2121982647482410e-02    4.9391483594396490e-05
   239.00    89.533    1.2130230485243780e-02    2.1450073939580094e-04
   240.00    89.927    1.2216021614424184e-02    7.2963530864400550e-04
   241.00    90.322    1.2168514387900346e-02    4.6132887960097170e-04
   242.00    90.705    1.2169562159168203e-02    5.1073362988596216e-04
   243.00    91.084    1.2184693732540951e-02    5.7884602517047079e-04
   244.00    91.464    1.2124202529723885e-02    2.5542301807846002e-05
   245.00    91.838    1.2501275459229794e-02    1.1906415872448839e-03
   246.00    92.146    1.2152599499359536e-02    4.0298394109117286e-04
   247.00    92.479    1.2123704640378229e-02    5.0427558031470449e-05
   248.00    92.790    1.2409806947835243e-02    1.3301200517189249e-03
   249.00    93.102    1.2138375897502543e-02    2.9916355792514171e-04
   250.00    93.410    1.2128858400700706e-02    1.9444401419993484e-04
   251.00    93.724    1.2136954241692706e-02    2.9719218535409486e-04
   252.00    94.035    1.2159199216639273e-02    4.5470435555777788e-04
   253.00    94.347    1.2296684125380434e-02    8.4973828106610361e-04
   254.00    94.658    1.2364393615225830e-02    9.8424289564352785e-04
   255.00    94.970    1.2174803908391436e-02    5.5048115038661138e-04
   256.00    95.281    1.2356531466378115e-02    9.7199855400867397e-04
   257.00    95.557    1.2119675213078423e-02    3.8832377250257871e-05
   258.00    95.824    1.2201357697941019e-02    5.9846469284583620e-04
   259.00    96.090    1.2146625773364512e-02    3.8474809773966778e-04
   260.00    96.356    1.2118970290931497e-02    4.3193975702165294e-05
   261.00    96.622    1.2224224848969106e-02    6.6971708598831392e-04
   262.00    96.887    1.2120863146300308e-02    1.0268484946698853e-04
   263.00    97.157    1.2190754303880579e-02    6.2874343738197891e-04
   264.00    97.426    1.2227198918914677e-02    6.7277908198062897e-04
   265.00    97.692    1.2262771710989795e-02    9.0467487340986641e-04
   266.00    97.960    1.2130097898091836e-02    1.9669166767716240e-04
   267.00    98.225    1.2141449550085098e-02    3.2435815629344722e-04
   268.00    98.490    1.2132090327798011e-02    2.2589311912635246e-04
   269.00    98.755    1.2120471252330926e-02    5.7539722182186129e-05
   270.00    99.127    1.2231055033481066e-02    6.8348017697175689e-04
   271.00    99.510    1.2135364689644587e-02    2.7504409527548401e-04
   272.00    99.922    1.2148454199733318e-02    3.5707404947202259e-04
   273.00   100.325    1.2628874384781672e-02    1.3484094443399486e-03
   274.00   100.842    1.2174727446644695e-02    4.9301795793418868e-04
   275.00   101.511    1.2140771029758380e-02    3.1323639942806847e-04
   276.00   102.198    1.2217435799237555e-02    6.4732268458547737e-04
   277.00   105.000    1.2173990392586749e-02    4.9569580362397909e-04
   278.00   106.286    1.2160254491004064e-02    4.7010870504243796e-04
