    epoch   elapsed                       val                 norm_grad
     0.00     0.000    6.9314718055915026e-01    1.6790287241954610e-01
     1.00     0.276    1.4419789502533811e-01    1.1274475434391307e-03
     2.00     0.549    1.3386622759892916e-01    1.1761968297752667e-03
     3.00     0.828    1.3317465028229653e-01    3.3703187036467908e-03
     4.00     1.101    1.2866659193740035e-01    1.7496331261592779e-03
     5.00     1.375    1.2826347979405395e-01    1.5349313098946826e-03
     6.00     1.647    1.2590191159861369e-01    6.9558890963300479e-04
     7.00     1.920    1.2870336738078128e-01    1.5048415449994204e-03
     8.00     2.192    1.2608758576094395e-01    7.8877864912801909e-04
     9.00     2.464    1.2450418561686204e-01    5.3095853155460393e-04
    10.00     2.740    1.2434691722240172e-01    4.9202285871219331e-04
    11.00     3.018    1.2430225247688440e-01    4.3691198992543145e-04
    12.00     3.340    1.2410851945160714e-01    1.0109591299178877e-03
    13.00     3.728    1.2389241890108359e-01    5.2312383193708900e-04
    14.00     4.129    1.2377702661207504e-01    4.8629900514463031e-04
    15.00     4.521    1.2420210806470050e-01    4.7172088386188138e-04
    16.00     4.918    1.2343187575917997e-01    5.0880627445121229e-04
    17.00     5.551    1.2506647422823342e-01    1.2091842041802581e-03
    18.00     6.228    1.2333104829446613e-01    5.1664341900847788e-04
    19.00     6.906    1.2316432407070664e-01    2.4460500922801609e-04
    20.00     7.404    1.2378207445038261e-01    5.9854122095265305e-04
    21.00     7.906    1.2348821917698270e-01    5.9130549727751114e-04
    22.00     8.425    1.2343300918174548e-01    4.5009263462691962e-04
    23.00     8.959    1.2338483581328155e-01    6.1954131505605192e-04
    24.00     9.474    1.2310082845552135e-01    7.4652235006583689e-04
    25.00    10.003    1.2323807878507079e-01    4.8916275878874149e-04
    26.00    10.507    1.2410138015494832e-01    1.0361250260373378e-03
    27.00    10.900    1.2303418036409050e-01    4.0753089356448946e-04
    28.00    11.313    1.2323020343673377e-01    6.6082181106952298e-04
    29.00    11.711    1.2306343157928819e-01    5.7220582392480956e-04
    30.00    12.108    1.2441765194750874e-01    1.8238687812819343e-03
    31.00    12.513    1.2312002894393516e-01    3.8284228521634489e-04
    32.00    12.904    1.2340809863226682e-01    8.8314907254755104e-04
    33.00    13.305    1.2313562256168351e-01    6.7286866334484441e-04
    34.00    13.699    1.2281368995405598e-01    4.0784113269309863e-04
    35.00    14.069    1.2285777018273926e-01    3.5369559692055574e-04
    36.00    14.391    1.2268183839651049e-01    4.3258006868258231e-04
    37.00    14.726    1.2291578774056963e-01    5.3248719115317478e-04
    38.00    15.049    1.2286759450870625e-01    4.6411667317813876e-04
    39.00    15.365    1.2275227498793206e-01    4.4895093267546815e-04
    40.00    15.684    1.2266698620046762e-01    3.0288268706338273e-04
    41.00    16.015    1.2299428067951595e-01    4.9834539882009921e-04
    42.00    16.338    1.2279109703247491e-01    3.9621691827806949e-04
    43.00    16.657    1.2285230880899504e-01    3.3278596553198980e-04
    44.00    16.979    1.2283811571539277e-01    4.9781017437600106e-04
    45.00    17.300    1.2286821354565208e-01    3.8396125650241864e-04
    46.00    17.608    1.2270411446524597e-01    3.3691344254738187e-04
    47.00    17.880    1.2275778755468281e-01    3.8372819180587658e-04
    48.00    18.166    1.2256894654335526e-01    2.1918308265356234e-04
    49.00    18.451    1.2259120517158632e-01    2.3201420141027995e-04
    50.00    18.723    1.2255638511441705e-01    2.8794275186272422e-04
    51.00    18.996    1.2269318334079125e-01    5.9055867576807142e-04
    52.00    19.272    1.2259047237164614e-01    3.0491091993939401e-04
    53.00    19.550    1.2280878307522594e-01    3.6105650281603729e-04
    54.00    19.835    1.2266207019907348e-01    2.9964157398909563e-04
    55.00    20.109    1.2270342335935808e-01    5.4859780633170763e-04
    56.00    20.402    1.2274504986359623e-01    5.9327387138913279e-04
    57.00    20.679    1.2258880680207354e-01    4.5762769859081232e-04
    58.00    20.954    1.2285577066262723e-01    5.5024817139148752e-04
    59.00    21.209    1.2244522606678819e-01    1.5324444978470630e-04
    60.00    21.443    1.2263114295821381e-01    4.9954732109874778e-04
    61.00    21.678    1.2250862113171630e-01    2.2022970126323038e-04
    62.00    21.912    1.2254981882950168e-01    3.2708000333181442e-04
    63.00    22.147    1.2253389988173323e-01    3.1485687392084072e-04
    64.00    22.381    1.2258035594649092e-01    4.6439897711736400e-04
    65.00    22.618    1.2256278627797372e-01    4.0353612813759376e-04
    66.00    22.855    1.2246076541798888e-01    2.1236218199299772e-04
    67.00    23.096    1.2276468062683897e-01    4.9387860907174064e-04
    68.00    23.335    1.2254547337088390e-01    3.2448056666600777e-04
    69.00    23.571    1.2286805558569719e-01    8.0097091084330163e-04
    70.00    23.803    1.2244756547010692e-01    4.2278124838901476e-04
    71.00    24.035    1.2249830624365332e-01    4.0397890642285272e-04
    72.00    24.270    1.2264847104197645e-01    8.7550507409583922e-04
    73.00    24.504    1.2242584789455700e-01    2.1926597098365086e-04
    74.00    24.736    1.2249613171525518e-01    2.2315760239732807e-04
    75.00    24.971    1.2248294174875826e-01    4.0291090493571602e-04
    76.00    25.208    1.2251139038682538e-01    1.9954073988326382e-04
    77.00    25.442    1.2264347336963705e-01    5.9848891490643652e-04
    78.00    25.685    1.2253145827927252e-01    2.5535492435328072e-04
    79.00    25.934    1.2247976739714944e-01    1.8287511483183749e-04
    80.00    26.170    1.2254221351742491e-01    4.6349922046738656e-04
    81.00    26.405    1.2242311731891983e-01    3.2289508972427328e-04
    82.00    26.641    1.2259001770808785e-01    5.9840895666996019e-04
    83.00    26.875    1.2236363864255104e-01    2.2431830867120084e-04
    84.00    27.110    1.2257562521141130e-01    5.4092231085134390e-04
    85.00    27.346    1.2240530478413389e-01    2.1331995698981032e-04
    86.00    27.579    1.2242547881349659e-01    3.5364973166673863e-04
    87.00    27.812    1.2242529186078206e-01    2.3367280565245174e-04
    88.00    28.047    1.2254631208961639e-01    3.4830576745372528e-04
    89.00    28.286    1.2238855077940410e-01    2.1213817990363426e-04
    90.00    28.525    1.2238272684587784e-01    1.6621967433576995e-04
    91.00    28.766    1.2283603347529704e-01    8.3240337958279120e-04
    92.00    29.007    1.2243834839593340e-01    3.3237010027581393e-04
    93.00    29.239    1.2247190655280614e-01    3.1373657990307890e-04
    94.00    29.473    1.2242789837848550e-01    2.4958829445742570e-04
    95.00    29.705    1.2242711374214466e-01    3.6579043208569140e-04
    96.00    29.940    1.2243351693954002e-01    2.3676760398280705e-04
    97.00    30.174    1.2247764590094799e-01    4.2427099164164817e-04
    98.00    30.419    1.2249375867119361e-01    4.4966044479077816e-04
    99.00    30.664    1.2250151446245670e-01    3.0163468186017450e-04
   100.00    30.916    1.2241952245063231e-01    3.3469111839856680e-04
   101.00    31.160    1.2249917539240025e-01    6.3669655107800871e-04
   102.00    31.403    1.2243145822566862e-01    2.8771742216021634e-04
   103.00    31.644    1.2242588496434006e-01    2.4995725457907514e-04
   104.00    31.918    1.2237672897474808e-01    1.9841987736324285e-04
   105.00    32.253    1.2237304334559332e-01    1.7731233309348227e-04
   106.00    32.575    1.2232585421846685e-01    1.4118854591038676e-04
   107.00    32.894    1.2231344509347788e-01    2.7358764470974961e-04
   108.00    33.216    1.2230034815072063e-01    2.2234412931587677e-04
   109.00    33.537    1.2238803131169523e-01    1.9908746066865657e-04
   110.00    33.811    1.2233271115867374e-01    2.8528433154129118e-04
   111.00    34.084    1.2240456077731780e-01    3.3091521716754890e-04
   112.00    34.356    1.2231353375994636e-01    1.9455626413194746e-04
   113.00    34.630    1.2232095554376832e-01    1.8007530544084105e-04
   114.00    34.903    1.2245397661930062e-01    3.8163896399501240e-04
   115.00    35.179    1.2238476514317945e-01    3.2071161842317508e-04
   116.00    35.450    1.2239874524783069e-01    2.1529694313340841e-04
   117.00    35.730    1.2237253723459675e-01    3.7662388972045657e-04
   118.00    36.011    1.2236782305798717e-01    2.5313302659757397e-04
   119.00    36.288    1.2232420905734560e-01    2.4969572572541843e-04
   120.00    36.580    1.2234384586151144e-01    2.2640643720017728e-04
   121.00    36.863    1.2233949828817588e-01    2.5834862918983070e-04
   122.00    37.138    1.2240592513279132e-01    4.3725742213363006e-04
   123.00    37.373    1.2241549742745385e-01    4.7096337921126441e-04
   124.00    37.620    1.2238194106384320e-01    3.6690950650047904e-04
   125.00    37.854    1.2230050952328289e-01    1.5484842305205082e-04
   126.00    38.086    1.2240806017746786e-01    5.3572972831827936e-04
   127.00    38.318    1.2230266334292787e-01    1.8081636214484220e-04
   128.00    38.554    1.2235333281938506e-01    3.7481381804072011e-04
   129.00    38.790    1.2249871587051671e-01    6.6306878490973720e-04
   130.00    39.026    1.2242505324507960e-01    3.9123393689471930e-04
   131.00    39.264    1.2238236350222208e-01    4.5027379993278771e-04
   132.00    39.500    1.2231738885778499e-01    1.8117378321624855e-04
   133.00    39.739    1.2230703016185820e-01    2.3090154343496927e-04
   134.00    39.976    1.2241380416101491e-01    4.2565126637028605e-04
   135.00    40.211    1.2252390568284226e-01    6.3273012805153961e-04
   136.00    40.449    1.2229170128492804e-01    1.5987461669163261e-04
   137.00    40.688    1.2230207664891039e-01    1.5327179586510642e-04
   138.00    41.012    1.2232887835603629e-01    1.6206847357262688e-04
   139.00    41.354    1.2230952309356469e-01    2.3075506806535806e-04
   140.00    41.682    1.2232681960046814e-01    2.1442672771349036e-04
   141.00    42.009    1.2227981843579987e-01    1.6817429101700920e-04
   142.00    42.343    1.2227887352328541e-01    1.9652542578585397e-04
   143.00    42.642    1.2227269624482622e-01    1.2180961763463838e-04
   144.00    42.917    1.2228953911446387e-01    2.0678648977368042e-04
   145.00    43.195    1.2228235612082093e-01    2.4258792621867364e-04
   146.00    43.472    1.2233837059198241e-01    2.7795446062883755e-04
   147.00    43.744    1.2225118493552464e-01    1.7108077597938198e-04
   148.00    44.019    1.2228830393777768e-01    2.4700392105203584e-04
   149.00    44.294    1.2235675094770987e-01    3.8435263907765638e-04
   150.00    44.570    1.2238606311925608e-01    3.7260778152747864e-04
   151.00    44.850    1.2234842856118804e-01    3.5548994825385094e-04
   152.00    45.134    1.2226136468419395e-01    1.4117047835227048e-04
   153.00    45.413    1.2236787181399257e-01    3.2174544981810249e-04
   154.00    45.686    1.2243715544719597e-01    6.6963781280882095e-04
   155.00    45.960    1.2229168499813814e-01    2.2557030107694942e-04
   156.00    46.296    1.2230954311813551e-01    4.2184607830586529e-04
   157.00    46.700    1.2228952368840514e-01    2.7485832119270026e-04
   158.00    47.100    1.2228548367557605e-01    1.4352784714932731e-04
   159.00    47.497    1.2247811815379921e-01    6.0613900162831413e-04
   160.00    47.894    1.2232873535343051e-01    3.7444066479304372e-04
   161.00    48.214    1.2231000292044029e-01    3.2829652076982185e-04
   162.00    48.538    1.2223497744025191e-01    1.5773262458318449e-04
   163.00    48.862    1.2226187499157430e-01    1.8043685413393629e-04
   164.00    49.200    1.2228383871499254e-01    1.9136659160823299e-04
   165.00    49.538    1.2227522863886897e-01    1.3991618766828751e-04
   166.00    49.845    1.2229037462086317e-01    3.4735513765116188e-04
   167.00    50.126    1.2242941063795944e-01    4.5551473295846190e-04
   168.00    50.404    1.2242686280267087e-01    5.6309267426191134e-04
   169.00    50.679    1.2242471481259140e-01    4.7884773567319350e-04
   170.00    50.954    1.2238048530837496e-01    2.3783671359684649e-04
   171.00    51.231    1.2238512949725162e-01    6.2122623683191769e-04
   172.00    51.523    1.2227490749934528e-01    2.0230241638146546e-04
   173.00    51.807    1.2225468103505854e-01    1.5245694595666937e-04
   174.00    52.084    1.2235732153106244e-01    2.5392150732397346e-04
   175.00    52.362    1.2227900023174565e-01    1.8927945771207710e-04
   176.00    52.636    1.2224041301316159e-01    1.1305973343733733e-04
   177.00    52.910    1.2226647259399603e-01    3.2178865023202441e-04
   178.00    53.190    1.2228075520975745e-01    1.4066698586268078e-04
   179.00    53.568    1.2229141987710036e-01    1.9375420974621083e-04
   180.00    53.968    1.2233962777461484e-01    2.5892183051484663e-04
   181.00    54.362    1.2230191640357874e-01    4.0923756293653746e-04
   182.00    54.776    1.2233181321692407e-01    3.1855555106156952e-04
   183.00    55.147    1.2223731467542123e-01    2.1760346737931258e-04
   184.00    55.473    1.2225655699300182e-01    2.6523561083702241e-04
   185.00    55.792    1.2222455424507593e-01    1.1349762086648729e-04
   186.00    56.148    1.2229817604612478e-01    3.7640119675075301e-04
   187.00    56.481    1.2232610529960249e-01    2.9092630989646651e-04
   188.00    56.806    1.2224897953252258e-01    1.9461594048486575e-04
   189.00    57.161    1.2230483481362316e-01    3.0449672972054920e-04
   190.00    57.507    1.2227502114560812e-01    1.8470584654528555e-04
   191.00    57.843    1.2228216320769639e-01    2.9624645316861375e-04
   192.00    58.168    1.2222777723675335e-01    1.7367520293168001e-04
   193.00    58.492    1.2228067524535499e-01    4.1799868484315716e-04
   194.00    58.795    1.2223122848921444e-01    1.0869975720440017e-04
   195.00    59.071    1.2221814473993514e-01    1.9620780875315158e-04
   196.00    59.347    1.2223717223086855e-01    1.3502443007342574e-04
   197.00    59.625    1.2222410671009484e-01    1.6962252347288431e-04
   198.00    59.906    1.2223189200862769e-01    1.9405875470823730e-04
   199.00    60.181    1.2226936523778294e-01    3.5187672768331735e-04
   200.00    60.454    1.2220749235015579e-01    1.8297448670434591e-04
   201.00    60.690    1.2220078992618121e-01    1.5231187572006810e-04
   202.00    60.925    1.2224974489060073e-01    2.6314764242818534e-04
   203.00    61.162    1.2229470236766855e-01    2.6027233335579325e-04
   204.00    61.397    1.2220743609726643e-01    1.0405051596973358e-04
   205.00    61.634    1.2223603306913704e-01    1.2736673111590768e-04
   206.00    61.870    1.2220769899212662e-01    1.2352684876004716e-04
   207.00    62.106    1.2221884513019311e-01    2.0130127535056275e-04
   208.00    62.342    1.2223844204050348e-01    2.2226190453267236e-04
   209.00    62.578    1.2222079622554216e-01    2.3921881212940477e-04
   210.00    62.816    1.2219258120669138e-01    9.5785104908485685e-05
   211.00    63.050    1.2231345719411442e-01    4.4707657454656768e-04
   212.00    63.286    1.2225283093240655e-01    2.5718210046088430e-04
   213.00    63.520    1.2223700233364505e-01    2.5815984856447649e-04
   214.00    63.756    1.2224238190642586e-01    1.7238095140426068e-04
   215.00    64.000    1.2223748452479263e-01    1.8669230172174700e-04
   216.00    64.336    1.2221126673234364e-01    8.7584189692346825e-05
   217.00    64.681    1.2221849209056772e-01    2.0062790164909750e-04
   218.00    65.040    1.2227842895086828e-01    2.5451464822490166e-04
   219.00    65.361    1.2226549012316072e-01    1.6873671625150521e-04
   220.00    65.685    1.2223798342246195e-01    1.7212986892178872e-04
   221.00    66.151    1.2222665417382853e-01    2.2614754511010582e-04
   222.00    66.666    1.2224924451332272e-01    3.1018946348049248e-04
   223.00    67.176    1.2225277584942261e-01    2.7829041741869731e-04
   224.00    68.265    1.2220665593823703e-01    1.4759010531639749e-04
   225.00    70.030    1.2222288573100104e-01    1.7654555091028978e-04
   226.00    70.955    1.2224626463275715e-01    2.1854386764852407e-04
   227.00    71.647    1.2221031169540277e-01    1.4679391240401962e-04
   228.00    72.333    1.2221789412432880e-01    2.0680735708768563e-04
   229.00    72.827    1.2223614199154319e-01    2.3045934055154760e-04
   230.00    73.397    1.2226194107275278e-01    2.4963164687850925e-04
   231.00    73.925    1.2223347019074425e-01    1.8096005386447622e-04
   232.00    74.384    1.2222205757089009e-01    1.5723504357487497e-04
   233.00    74.777    1.2225323361043849e-01    2.7750760274769526e-04
   234.00    75.168    1.2220604370016387e-01    9.7855795150592062e-05
   235.00    75.566    1.2221815495969084e-01    1.7911847920515367e-04
   236.00    75.966    1.2224936076535182e-01    3.0002161794895343e-04
   237.00    76.289    1.2222314194402438e-01    1.8293795887358577e-04
   238.00    76.620    1.2220718827704688e-01    1.2127785108276279e-04
   239.00    76.951    1.2223898508253649e-01    2.4429686085758462e-04
   240.00    77.278    1.2221420453479323e-01    1.7744410552111844e-04
   241.00    77.607    1.2221348555131707e-01    1.9849476372169050e-04
   242.00    77.896    1.2223880575413479e-01    3.2278308168631753e-04
   243.00    78.171    1.2223511372182315e-01    2.9412556038277415e-04
   244.00    78.446    1.2217988001104144e-01    7.9696671625592574e-05
   245.00    78.723    1.2220141504662779e-01    1.6770707588656050e-04
   246.00    78.998    1.2227415720973960e-01    2.1871996913410720e-04
   247.00    79.281    1.2222964298038080e-01    2.9422587551186652e-04
   248.00    79.547    1.2229510149109775e-01    4.0057121520375993e-04
   249.00    79.785    1.2224065217506773e-01    1.7730123369030792e-04
   250.00    80.019    1.2222958332026293e-01    2.5585079365353369e-04
   251.00    80.258    1.2220674051005169e-01    1.4724132276244112e-04
   252.00    80.498    1.2220950888451218e-01    1.6287412396143175e-04
   253.00    80.741    1.2225301316476962e-01    3.6507123847684397e-04
   254.00    80.986    1.2230659376678174e-01    4.4399626322877417e-04
   255.00    81.236    1.2221538060837386e-01    1.6591028767080906e-04
   256.00    81.486    1.2223195750392828e-01    2.1757855574211504e-04
   257.00    81.731    1.2219903345512616e-01    1.4586870147836883e-04
   258.00    81.983    1.2218056836068535e-01    1.0823372670665243e-04
   259.00    82.230    1.2218560529889108e-01    1.3402280955470552e-04
   260.00    82.480    1.2228916207341513e-01    2.1495153676243106e-04
   261.00    82.720    1.2217605489131601e-01    9.3404897216098348e-05
   262.00    82.958    1.2222149797295000e-01    2.1573286050502460e-04
   263.00    83.194    1.2219180018691264e-01    1.0734950314008306e-04
   264.00    83.431    1.2226079911195853e-01    2.6080013759588461e-04
   265.00    83.665    1.2223862311646834e-01    2.5338896843163372e-04
   266.00    83.901    1.2219364151379467e-01    2.2514722527255948e-04
   267.00    84.143    1.2218280730118769e-01    1.1621425619168235e-04
   268.00    84.388    1.2219127186467676e-01    1.0379132008664360e-04
   269.00    84.626    1.2223532879469165e-01    2.5636620522861975e-04
   270.00    84.869    1.2221656051847238e-01    1.4114639655172373e-04
   271.00    85.146    1.2220310988576262e-01    1.3184141101452163e-04
   272.00    85.421    1.2224779680840263e-01    3.2278624605324574e-04
   273.00    85.695    1.2218328720619669e-01    1.4203071346474694e-04
   274.00    85.970    1.2219861430963427e-01    1.7715561817599479e-04
   275.00    86.254    1.2217622066514043e-01    1.1822290130281132e-04
   276.00    86.550    1.2217350928700314e-01    9.7944979031705515e-05
   277.00    86.951    1.2218542692417753e-01    9.1977237266505085e-05
   278.00    87.346    1.2219141948422874e-01    1.3856799961289856e-04
   279.00    87.744    1.2218135100402994e-01    1.6827993072765501e-04
   280.00    88.136    1.2223362539873185e-01    3.3444963494555502e-04
   281.00    88.512    1.2218607276296692e-01    2.1805292712939739e-04
   282.00    88.834    1.2219113569169339e-01    1.3427334635343624e-04
   283.00    89.178    1.2221167045862918e-01    2.6541030840350477e-04
   284.00    89.506    1.2224936445221699e-01    2.2840607181693479e-04
   285.00    89.831    1.2218716698364455e-01    1.4804011998659217e-04
   286.00    90.178    1.2218156318601135e-01    1.2158004661211308e-04
   287.00    90.503    1.2221326513922573e-01    1.3288329125238363e-04
   288.00    90.827    1.2217711677201737e-01    1.1545262158169090e-04
   289.00    91.161    1.2220016052237076e-01    2.3029965120625190e-04
   290.00    91.487    1.2228840277585347e-01    3.5033563759300987e-04
   291.00    91.810    1.2216925801202839e-01    1.0381988608846454e-04
   292.00    92.120    1.2219137505016302e-01    1.5903905362751186e-04
   293.00    92.397    1.2219536732917742e-01    1.3398737155978502e-04
   294.00    92.677    1.2220494185974572e-01    2.1004421466819245e-04
   295.00    92.955    1.2218593815083843e-01    1.2357026325737763e-04
   296.00    93.230    1.2221043099326094e-01    2.2690226220833942e-04
   297.00    93.506    1.2218034886283713e-01    1.4883621471165238e-04
   298.00    93.780    1.2217493396052055e-01    8.4625105424951386e-05
   299.00    94.017    1.2221714078051707e-01    2.9871352256364420e-04
   300.00    94.258    1.2220191731313330e-01    2.2116197537791482e-04
   301.00    94.496    1.2221501182812143e-01    2.2587239436799855e-04
   302.00    94.739    1.2219530881666359e-01    1.4500112686199884e-04
   303.00    94.981    1.2219964693839527e-01    2.7255836203199379e-04
   304.00    95.226    1.2219348682050807e-01    2.2471622700814819e-04
   305.00    95.474    1.2216818003460134e-01    8.4301681746223878e-05
   306.00    95.720    1.2217582571419970e-01    1.2777840316580136e-04
   307.00    95.966    1.2225062597567946e-01    3.4869211398991240e-04
   308.00    96.209    1.2218834273482862e-01    1.7607683277665043e-04
   309.00    96.470    1.2218916565442185e-01    1.2494025866782721e-04
   310.00    96.723    1.2217216557907326e-01    1.1557930643424363e-04
   311.00    96.961    1.2218655242726298e-01    1.4614960349742384e-04
   312.00    97.204    1.2219587100336654e-01    1.8911476243194114e-04
   313.00    97.470    1.2217897041347416e-01    1.6367693994734367e-04
   314.00    97.795    1.2217792406657713e-01    1.6257822361948754e-04
   315.00    98.122    1.2220749393340982e-01    2.5368286233584669e-04
   316.00    98.444    1.2218870937332320e-01    1.9703034648610451e-04
   317.00    98.767    1.2218226115987094e-01    1.3259720771907624e-04
   318.00    99.114    1.2216269478069630e-01    1.2214030904433848e-04
   319.00    99.613    1.2217234707801060e-01    9.8956675405714734e-05
   320.00   100.116    1.2217372358457700e-01    8.4877479820777424e-05
   321.00   100.625    1.2216770426107071e-01    1.2227240020817876e-04
   322.00   102.813    1.2217438899416229e-01    1.0909466714403848e-04
   323.00   104.339    1.2217826767898937e-01    7.6954766586645462e-05
   324.00   105.650    1.2219058755036522e-01    1.3409831214186707e-04
   325.00   106.669    1.2219365471771702e-01    2.0248844645776032e-04
   326.00   107.415    1.2219035736125081e-01    1.7581735722393965e-04
   327.00   108.124    1.2219930170476159e-01    2.6606563940367867e-04
   328.00   108.653    1.2219918697402239e-01    2.5336720553759129e-04
   329.00   109.176    1.2221348311553135e-01    2.4131154126216803e-04
   330.00   109.695    1.2218806475171699e-01    1.2753988615485032e-04
   331.00   110.140    1.2220738407410894e-01    3.2267416763076540e-04
   332.00   110.544    1.2218527259816706e-01    1.7977598226870395e-04
   333.00   110.955    1.2217108646156886e-01    1.1904878022306331e-04
   334.00   111.391    1.2220014068077259e-01    1.5525689331015446e-04
   335.00   111.760    1.2217168213535508e-01    1.0379473368646308e-04
   336.00   112.094    1.2218445047559243e-01    1.7740925467176621e-04
   337.00   112.432    1.2220942737871612e-01    2.7072228549651634e-04
   338.00   112.759    1.2221414007723236e-01    2.7542845148342820e-04
   339.00   113.081    1.2220381733076029e-01    1.8798060924529736e-04
   340.00   113.411    1.2216730958090233e-01    1.2860286218230321e-04
   341.00   113.738    1.2218591532085607e-01    2.0344782363308778e-04
   342.00   114.066    1.2225042820122246e-01    3.9371165353596638e-04
   343.00   114.395    1.2218846473852885e-01    2.4706772458049642e-04
   344.00   114.717    1.2222740748602889e-01    2.9729318731015753e-04
   345.00   115.046    1.2217817768789008e-01    1.9185117704455940e-04
   346.00   115.347    1.2222072663679055e-01    1.9753830774763004e-04
   347.00   115.625    1.2218347819751921e-01    1.6028405028062354e-04
   348.00   115.902    1.2217177422713953e-01    1.2516022531049165e-04
   349.00   116.178    1.2216921512711704e-01    1.4981230645882970e-04
   350.00   116.461    1.2218853537675620e-01    2.7022536847876033e-04
   351.00   116.765    1.2216649367103091e-01    2.0980152293204046e-04
   352.00   117.052    1.2220123695893999e-01    2.7010301497243372e-04
   353.00   117.346    1.2216878466355578e-01    1.2288027296647464e-04
   354.00   117.635    1.2218263936318725e-01    2.1470608330032004e-04
   355.00   117.921    1.2215733216130049e-01    1.3339645821275337e-04
   356.00   118.213    1.2216509474520892e-01    1.2194603142512417e-04
   357.00   118.489    1.2222138626901437e-01    2.2661738719165214e-04
   358.00   118.763    1.2217965897146475e-01    1.8387173026290782e-04
   359.00   119.003    1.2217590570804944e-01    2.1999634464719975e-04
   360.00   119.243    1.2217180300477093e-01    1.5642294620099584e-04
   361.00   119.481    1.2215778950974231e-01    1.1370047349945622e-04
   362.00   119.736    1.2224010664496793e-01    3.1426123785389948e-04
   363.00   119.979    1.2221325527201794e-01    2.4272444523934511e-04
   364.00   120.222    1.2224284486608217e-01    2.6840548755480143e-04
   365.00   120.460    1.2222417463854973e-01    2.9439169136724619e-04
   366.00   120.695    1.2217897336213757e-01    1.9082964794703283e-04
   367.00   120.933    1.2223336428019418e-01    1.8354514765937628e-04
   368.00   121.170    1.2219275085779178e-01    2.6082424543671934e-04
   369.00   121.406    1.2217480129808102e-01    1.8977161867028691e-04
   370.00   121.644    1.2220015215158897e-01    2.6876919541263256e-04
   371.00   121.879    1.2220879018060825e-01    2.3509155921497271e-04
   372.00   122.121    1.2218396085541572e-01    2.0088087191105775e-04
   373.00   122.359    1.2219948377624515e-01    2.7882499565923258e-04
   374.00   122.597    1.2217302994624411e-01    1.4321672567763066e-04
   375.00   122.839    1.2216904403537665e-01    1.4311893638607742e-04
   376.00   123.079    1.2218048286097941e-01    1.7280038833633604e-04
   377.00   123.335    1.2216019229822145e-01    1.4201768749555477e-04
   378.00   123.572    1.2216972541770234e-01    1.6153772388571852e-04
   379.00   123.809    1.2222673566638914e-01    2.0706308608738414e-04
   380.00   124.045    1.2215073128343110e-01    1.3435904415681765e-04
   381.00   124.282    1.2220663664666948e-01    1.9161905070808061e-04
   382.00   124.518    1.2215377618727863e-01    1.0714526709287853e-04
   383.00   124.754    1.2214943262439508e-01    7.0098897266094966e-05
   384.00   124.991    1.2216848102108549e-01    1.3377256021884776e-04
   385.00   125.233    1.2214935859054207e-01    1.0114964888652267e-04
   386.00   125.478    1.2215332038957363e-01    1.2758383787230465e-04
   387.00   125.720    1.2215383930865960e-01    1.8986558761857619e-04
   388.00   125.964    1.2221895057925365e-01    3.1417207626294186e-04
   389.00   126.204    1.2215410544368714e-01    1.1906824530893978e-04
   390.00   126.441    1.2217273585582936e-01    2.0966928844590171e-04
   391.00   126.680    1.2215691926315239e-01    9.7161742452778199e-05
   392.00   126.917    1.2218485127024717e-01    3.2622211912647359e-04
   393.00   127.152    1.2216637202046461e-01    1.0027716192907363e-04
   394.00   127.389    1.2220262973733505e-01    2.1483782875741930e-04
   395.00   127.626    1.2218677131961675e-01    2.1345039899234308e-04
   396.00   127.862    1.2215790757076511e-01    1.3227027728834884e-04
   397.00   128.102    1.2216181647291889e-01    1.2672217893661413e-04
   398.00   128.338    1.2214792812060353e-01    8.0890857926840809e-05
   399.00   128.576    1.2214625145561805e-01    1.1769168720410228e-04
   400.00   128.820    1.2217793814767511e-01    2.8529467227600414e-04
   401.00   129.083    1.2218147836306564e-01    2.0199302986134704e-04
   402.00   129.319    1.2216732461827215e-01    1.8750351535867793e-04
   403.00   129.561    1.2216302129796060e-01    1.7745531396183567e-04
   404.00   129.799    1.2219234588857479e-01    2.7977355807920490e-04
   405.00   130.036    1.2215117019981339e-01    1.7554344275350076e-04
   406.00   130.275    1.2216042981332134e-01    2.5170471367153002e-04
   407.00   130.509    1.2218173780295889e-01    2.3188687976646340e-04
   408.00   130.752    1.2218599120700528e-01    2.4445753183341325e-04
   409.00   130.998    1.2215378402219920e-01    9.2009389971003941e-05
   410.00   131.238    1.2215197854991978e-01    7.3631130566931616e-05
   411.00   131.475    1.2215850657708316e-01    8.3347605143863079e-05
   412.00   131.712    1.2216260765048181e-01    1.2417852518542116e-04
   413.00   131.951    1.2217466365903694e-01    1.8981356710086328e-04
   414.00   132.194    1.2219436126272408e-01    2.7523507842608375e-04
   415.00   132.432    1.2215161191405653e-01    8.8330581903620087e-05
   416.00   132.668    1.2215244265751693e-01    7.0650359967644460e-05
   417.00   132.905    1.2216417616336944e-01    1.4697450534210954e-04
   418.00   133.143    1.2214848601282741e-01    1.1462047323185232e-04
   419.00   133.381    1.2216933364018569e-01    1.7830967281673438e-04
   420.00   133.622    1.2216288753466484e-01    1.4136360665772951e-04
   421.00   133.860    1.2215597149102805e-01    1.0339534536484701e-04
   422.00   134.109    1.2215902859649851e-01    1.1497775254721686e-04
   423.00   134.354    1.2216798694111289e-01    1.9383014023741812e-04
   424.00   134.596    1.2214112417692259e-01    9.6843939531923717e-05
   425.00   134.853    1.2215283560503035e-01    1.4335372741511310e-04
   426.00   135.189    1.2215826279222367e-01    2.1030424416079718e-04
   427.00   135.571    1.2218405033643091e-01    2.7504322190108343e-04
   428.00   135.934    1.2215746541505086e-01    1.3139845589593691e-04
   429.00   136.275    1.2216870213181130e-01    2.6025815759922466e-04
   430.00   136.616    1.2216439507216607e-01    2.6050926402998442e-04
   431.00   138.115    1.2213961373310395e-01    7.6525258867254919e-05
   432.00   139.001    1.2215045612804357e-01    1.0299183873909703e-04
   433.00   139.768    1.2213345297290382e-01    5.9435100203921593e-05
   434.00   140.552    1.2214543852241627e-01    1.4020062520203602e-04
   435.00   141.343    1.2214932553599474e-01    1.3338925590156148e-04
   436.00   143.075    1.2215216334869188e-01    1.5504596141936028e-04
   437.00   144.603    1.2217632145089710e-01    3.3200401090116571e-04
   438.00   145.541    1.2220095311163617e-01    3.7931315862715920e-04
   439.00   146.317    1.2219159890424879e-01    3.2893458719973623e-04
   440.00   147.007    1.2216097308146937e-01    2.1638674190471718e-04
   441.00   147.540    1.2216289837192014e-01    1.5852420896100838e-04
   442.00   148.082    1.2215809931933098e-01    2.1483302017322181e-04
   443.00   148.612    1.2215715615976006e-01    2.0619523654308303e-04
   444.00   149.038    1.2214198847522353e-01    1.0905191186620731e-04
   445.00   149.496    1.2215998896562473e-01    2.1097512786157069e-04
   446.00   149.930    1.2214342464060736e-01    1.2946290083459822e-04
   447.00   150.360    1.2214328981747691e-01    1.5147152950444748e-04
   448.00   150.779    1.2215980537248841e-01    2.4309474126280040e-04
   449.00   151.206    1.2215897236225937e-01    1.7147208177102288e-04
   450.00   151.608    1.2213548934198490e-01    1.2806365047590695e-04
   451.00   152.003    1.2213426627556873e-01    8.9407782436203183e-05
   452.00   152.355    1.2213550313105517e-01    1.0487013428095437e-04
   453.00   152.676    1.2216060860337417e-01    1.5458688411906785e-04
   454.00   153.019    1.2214831071129416e-01    1.2813533013222855e-04
   455.00   153.351    1.2221328746978019e-01    3.2380546655481901e-04
   456.00   153.711    1.2218296990768002e-01    1.8954412663360967e-04
   457.00   154.052    1.2215009257355143e-01    1.1196184292868241e-04
   458.00   154.381    1.2214313303343646e-01    1.4253988811861740e-04
   459.00   154.710    1.2214992755337095e-01    1.5784525802686744e-04
   460.00   155.073    1.2213957593590212e-01    1.1092437734971927e-04
   461.00   155.413    1.2215260778830492e-01    1.8280809221238314e-04
   462.00   155.748    1.2213544983826941e-01    9.5596844157497252e-05
   463.00   156.301    1.2213331805248741e-01    5.9727814091914411e-05
   464.00   156.835    1.2216265681402068e-01    2.3722680478055480e-04
   465.00   157.369    1.2218726172509932e-01    2.1639948040030887e-04
   466.00   158.567    1.2214500022834243e-01    1.0897657514918890e-04
   467.00   159.660    1.2213644081030697e-01    7.7617097917537237e-05
   468.00   160.335    1.2213403287146989e-01    8.0533368147284179e-05
   469.00   161.049    1.2214399656711913e-01    1.6280411502300751e-04
   470.00   161.739    1.2213728906618326e-01    9.4044822524841365e-05
   471.00   162.430    1.2215269581767477e-01    1.5381433745287332e-04
   472.00   163.090    1.2215532918857543e-01    1.4438043334570605e-04
   473.00   163.610    1.2214390940291774e-01    1.2084208384388617e-04
   474.00   164.116    1.2214485581257865e-01    1.2912639454198960e-04
   475.00   164.618    1.2217797565370139e-01    1.9623728420259390e-04
   476.00   165.126    1.2220753045137307e-01    2.6902303102893654e-04
   477.00   165.624    1.2217481718261591e-01    2.6146313729680237e-04
   478.00   166.145    1.2214115448275074e-01    1.0699373733680240e-04
   479.00   166.622    1.2216401373250246e-01    2.1052349359018674e-04
   480.00   167.015    1.2214321451150970e-01    9.7832751780435601e-05
   481.00   167.415    1.2214197377029518e-01    1.0122080700980529e-04
   482.00   167.811    1.2214145240141430e-01    1.1443193085702852e-04
   483.00   168.208    1.2214481605720946e-01    1.2529859608534366e-04
   484.00   168.612    1.2214334917955916e-01    1.4919115152977995e-04
   485.00   169.008    1.2213670557636770e-01    1.0185375008608943e-04
   486.00   169.407    1.2215314555890407e-01    1.6523797297884890e-04
   487.00   169.808    1.2216654067904187e-01    1.6884552309393008e-04
   488.00   170.311    1.2214983974203013e-01    1.3369169602861497e-04
   489.00   171.066    1.2215944035954777e-01    1.6866399682524680e-04
   490.00   171.786    1.2217273843458243e-01    2.8716762206504320e-04
   491.00   174.624    1.2215990753616127e-01    2.0654175917655666e-04
