    epoch   elapsed                       val                 norm_grad
     0.00     0.000    6.9314718055915026e-01    1.6790287241954610e-01
     1.00     0.311    2.6924357814067579e-01    5.5441829553135591e-03
     2.00     0.615    2.1000384809978154e-01    6.3693536880258250e-03
     3.00     0.922    1.6022197746163216e-01    2.2043421613286984e-03
     4.00     1.227    1.4524238234031836e-01    2.9911623748671845e-03
     5.00     1.539    1.3699025340331075e-01    2.1786206378633377e-03
     6.00     1.847    1.3250827010772842e-01    1.5838763591152216e-03
     7.00     2.171    1.3004774680671524e-01    7.4023926997740519e-04
     8.00     2.490    1.2878129576842853e-01    6.1683967186754174e-04
     9.00     2.808    1.2789395325402794e-01    4.3048711269566553e-04
    10.00     3.122    1.2731828305703349e-01    2.0354369045327836e-04
    11.00     3.430    1.2691955723726236e-01    1.7831038673477018e-04
    12.00     3.733    1.2659494460225451e-01    2.4824505285381271e-04
    13.00     4.037    1.2629686263813814e-01    1.2328852871945628e-04
    14.00     4.343    1.2604419507722955e-01    1.2135938612622965e-04
    15.00     4.654    1.2582290172670713e-01    1.1696853786880013e-04
    16.00     4.971    1.2562249483786159e-01    1.1138883088257501e-04
    17.00     5.292    1.2543930539199394e-01    1.0700815083541926e-04
    18.00     5.603    1.2527072138168044e-01    1.0180212924826293e-04
    19.00     5.910    1.2511681926348547e-01    9.8999103902208674e-05
    20.00     6.214    1.2497582178725671e-01    9.5247124797914751e-05
    21.00     6.539    1.2484576336960866e-01    9.2770257106522536e-05
    22.00     6.844    1.2472383305043021e-01    8.8467003140912936e-05
    23.00     7.150    1.2461001282392195e-01    8.5654800810353038e-05
    24.00     7.455    1.2450352972213646e-01    8.2280540331325369e-05
    25.00     7.761    1.2440380009322394e-01    8.1626376539745138e-05
    26.00     8.066    1.2430997786000268e-01    8.0963403323863758e-05
    27.00     8.372    1.2422182355954890e-01    8.0179162075921795e-05
    28.00     8.678    1.2413869549810730e-01    7.9559295524056495e-05
    29.00     8.983    1.2406030734264184e-01    7.8849019007343202e-05
    30.00     9.291    1.2398595045502907e-01    7.8169324168264609e-05
    31.00     9.596    1.2391529344109999e-01    7.7430400873268468e-05
    32.00     9.901    1.2384819546811414e-01    7.6679316101113670e-05
    33.00    10.117    1.2378454172287924e-01    7.5877753165087825e-05
    34.00    10.336    1.2372388983316113e-01    7.5103455107417005e-05
    35.00    10.557    1.2366614408233675e-01    7.4360723476551982e-05
    36.00    10.776    1.2361101993631549e-01    7.3660045534218455e-05
    37.00    10.997    1.2355831913002413e-01    7.2815780491453097e-05
    38.00    11.218    1.2350786053955662e-01    7.1941602207026278e-05
    39.00    11.436    1.2345964450063814e-01    7.1141074275082872e-05
    40.00    11.653    1.2341337119245331e-01    7.0316328061537092e-05
    41.00    11.872    1.2336889715888552e-01    6.9426226729341067e-05
    42.00    12.089    1.2332621596143070e-01    6.8539344857398987e-05
    43.00    12.304    1.2328528712164370e-01    6.7734054222334805e-05
    44.00    12.519    1.2324604813004075e-01    6.6927170003339143e-05
    45.00    12.742    1.2320836497840248e-01    6.6038330874818030e-05
    46.00    12.968    1.2317212049960420e-01    6.5056719481759728e-05
    47.00    13.187    1.2313728654276691e-01    6.4319508531696101e-05
    48.00    13.406    1.2310379506785459e-01    6.3350971115205823e-05
    49.00    13.622    1.2307148358480829e-01    6.2501945699011685e-05
    50.00    13.839    1.2304039905568508e-01    6.1475090264551113e-05
    51.00    14.058    1.2301049383777805e-01    6.0735392357180729e-05
    52.00    14.274    1.2298169363615212e-01    5.9811038628510005e-05
    53.00    14.489    1.2295388571988339e-01    5.8924084806122323e-05
    54.00    14.708    1.2292708471263289e-01    5.8012402295304355e-05
    55.00    14.926    1.2290119133434238e-01    5.7082513206019314e-05
    56.00    15.143    1.2287622677465632e-01    5.6309572521229256e-05
    57.00    15.365    1.2285213394003566e-01    5.5331404642977589e-05
    58.00    15.592    1.2282880039451956e-01    5.4520085337905755e-05
    59.00    15.806    1.2280628724390159e-01    5.3633928914109674e-05
    60.00    16.018    1.2278449128718663e-01    5.2678108300341364e-05
    61.00    16.236    1.2276339270778157e-01    5.1881474135484495e-05
    62.00    16.451    1.2274329102595902e-01    5.1006870819492178e-05
    63.00    16.671    1.2272395888836596e-01    5.0216960904236885e-05
    64.00    16.889    1.2270525851422466e-01    4.9361017405047392e-05
    65.00    17.199    1.2268716384593469e-01    4.8629787439580241e-05
    66.00    17.506    1.2266963025957378e-01    4.7727052386647983e-05
    67.00    17.814    1.2265270193856107e-01    4.6788821421728244e-05
    68.00    18.123    1.2263631630905650e-01    4.6097820160184710e-05
    69.00    18.439    1.2262045466997122e-01    4.5246800391751663e-05
    70.00    18.748    1.2260510224044711e-01    4.4517721995873671e-05
    71.00    19.058    1.2259024235950979e-01    4.3745578960141529e-05
    72.00    19.365    1.2257587568694316e-01    4.3031688679917579e-05
    73.00    19.674    1.2256194112388633e-01    4.2315539031889671e-05
    74.00    19.994    1.2254843180013784e-01    4.1431569661298795e-05
    75.00    20.302    1.2253534544204878e-01    4.0873516773842766e-05
    76.00    20.608    1.2252267285175766e-01    4.0056745829630813e-05
    77.00    20.916    1.2251038890581363e-01    3.9431327939709604e-05
    78.00    21.223    1.2249847364347229e-01    3.8474473472049908e-05
    79.00    21.531    1.2248688881891691e-01    3.7707574602308114e-05
    80.00    21.840    1.2247567374544806e-01    3.7136614716715144e-05
    81.00    22.148    1.2246481383996478e-01    3.6436460744582178e-05
    82.00    22.455    1.2245426729722456e-01    3.5828596141485036e-05
    83.00    22.765    1.2244404049899969e-01    3.5055644024950539e-05
    84.00    23.073    1.2243411047773541e-01    3.4332213393994948e-05
    85.00    23.381    1.2242447244435825e-01    3.3786056524931496e-05
    86.00    23.692    1.2241511280609987e-01    3.3154162775161922e-05
    87.00    24.013    1.2240602420492531e-01    3.2440996891480722e-05
    88.00    24.324    1.2239723170973252e-01    3.1732712844956268e-05
    89.00    24.633    1.2238870676763583e-01    3.1255187089129777e-05
    90.00    24.940    1.2238042159943609e-01    3.0676695610409865e-05
    91.00    25.253    1.2237238419190490e-01    3.0126530774055027e-05
    92.00    25.673    1.2236456933919598e-01    2.9865224517422462e-05
    93.00    26.044    1.2235697115308926e-01    2.9523445647328117e-05
    94.00    26.406    1.2234959303023493e-01    2.9196972114675646e-05
    95.00    26.780    1.2234243061382960e-01    2.8990851038912524e-05
    96.00    27.143    1.2233545464859234e-01    2.8658953134197418e-05
    97.00    27.489    1.2232867513810317e-01    2.8436042578405818e-05
    98.00    27.844    1.2232209339762032e-01    2.8132277003933837e-05
    99.00    28.185    1.2231568695350206e-01    2.7835076986448826e-05
   100.00    28.513    1.2230945782158356e-01    2.7609242826187597e-05
   101.00    28.823    1.2230339841374563e-01    2.7379722796538886e-05
   102.00    29.128    1.2229749958093697e-01    2.7104318997217547e-05
   103.00    29.435    1.2229175370062349e-01    2.6871955148166649e-05
   104.00    29.742    1.2228616301571228e-01    2.6610027585860507e-05
   105.00    30.048    1.2228071942076915e-01    2.6346785011455154e-05
   106.00    30.353    1.2227542100353722e-01    2.6019641548913341e-05
   107.00    30.659    1.2227026072826772e-01    2.5783165133574926e-05
   108.00    30.964    1.2226524919159298e-01    2.5534990360398524e-05
   109.00    31.269    1.2226037327942703e-01    2.5319660545974898e-05
   110.00    31.576    1.2225562110497552e-01    2.5142220339446908e-05
   111.00    31.882    1.2225098930087469e-01    2.4936881166226499e-05
   112.00    32.187    1.2224647730291337e-01    2.4681119455749467e-05
   113.00    32.494    1.2224207680128266e-01    2.4522941371785123e-05
   114.00    32.801    1.2223778767566444e-01    2.4296675084301000e-05
   115.00    33.106    1.2223360445272957e-01    2.4066421637769508e-05
   116.00    33.414    1.2222957163227106e-01    2.3896385346944271e-05
   117.00    33.722    1.2222564881464404e-01    2.3692799013375065e-05
   118.00    34.032    1.2222182093844901e-01    2.3513365558613941e-05
   119.00    34.339    1.2221808614974806e-01    2.3323680357734133e-05
   120.00    34.647    1.2221444278803527e-01    2.3072851673688888e-05
   121.00    34.957    1.2221088775280435e-01    2.2896003974537393e-05
   122.00    35.267    1.2220742114316606e-01    2.2771993110737299e-05
   123.00    35.575    1.2220403778868226e-01    2.2583416088295394e-05
   124.00    35.883    1.2220073199843136e-01    2.2394422176219564e-05
   125.00    36.193    1.2219750348383807e-01    2.2174511855155288e-05
   126.00    36.524    1.2219434979222249e-01    2.2030890720614593e-05
   127.00    36.831    1.2219126859569129e-01    2.1789800063842790e-05
   128.00    37.137    1.2218825349222195e-01    2.1555226041414244e-05
   129.00    37.454    1.2218530430386149e-01    2.1334108948778407e-05
   130.00    37.765    1.2218242499141026e-01    2.1195546766605844e-05
   131.00    38.076    1.2217961076624395e-01    2.1070887116891868e-05
   132.00    38.385    1.2217686004160461e-01    2.0932005428520029e-05
   133.00    38.696    1.2217417195498567e-01    2.0773292511933050e-05
   134.00    39.004    1.2217154099922876e-01    2.0571708418515300e-05
   135.00    39.311    1.2216896672067269e-01    2.0447013302060668e-05
   136.00    39.618    1.2216644866799353e-01    2.0296926953378147e-05
   137.00    39.925    1.2216398423381540e-01    2.0136961387251517e-05
   138.00    40.233    1.2216157091363990e-01    1.9951817570529329e-05
   139.00    40.541    1.2215920908756935e-01    1.9792468556545373e-05
   140.00    40.859    1.2215689488870887e-01    1.9649982812453004e-05
   141.00    41.181    1.2215462765283600e-01    1.9497089610354124e-05
   142.00    41.490    1.2215240901262035e-01    1.9375770232699097e-05
   143.00    41.798    1.2215023322936032e-01    1.9193762035740747e-05
   144.00    42.106    1.2214810013808648e-01    1.9096109793892424e-05
   145.00    42.415    1.2214600790140528e-01    1.8894129688362682e-05
   146.00    42.723    1.2214395597190178e-01    1.8792887237495393e-05
   147.00    43.031    1.2214212112231240e-01    1.8558862295847689e-05
   148.00    43.340    1.2214040901793229e-01    1.8321859270642449e-05
   149.00    43.649    1.2213873788633203e-01    1.8038446773616101e-05
   150.00    43.958    1.2213712170050853e-01    1.7790980786358546e-05
   151.00    44.267    1.2213556648520008e-01    1.7522663076974254e-05
   152.00    44.581    1.2213405205472830e-01    1.7274928870492090e-05
   153.00    44.897    1.2213257521452958e-01    1.7094237136916490e-05
   154.00    45.209    1.2213113543036089e-01    1.6917048666797996e-05
   155.00    45.520    1.2212973416162207e-01    1.6749799756965444e-05
   156.00    45.836    1.2212836486854520e-01    1.6530273606818469e-05
   157.00    46.151    1.2212702914967619e-01    1.6346360878216615e-05
   158.00    46.466    1.2212572369316298e-01    1.6124347901325109e-05
   159.00    46.777    1.2212445006814159e-01    1.5953954672909276e-05
   160.00    47.088    1.2212320793463155e-01    1.5747288468759280e-05
   161.00    47.404    1.2212199585212477e-01    1.5591537463777172e-05
   162.00    47.718    1.2212081262185311e-01    1.5367601156057731e-05
   163.00    48.053    1.2211965888353496e-01    1.5242101621737447e-05
   164.00    48.383    1.2211853262636981e-01    1.5060247575249264e-05
   165.00    48.723    1.2211743147417982e-01    1.4928941068248491e-05
   166.00    49.050    1.2211635901359864e-01    1.4762051176120394e-05
   167.00    49.380    1.2211531280890987e-01    1.4591619038384351e-05
   168.00    49.715    1.2211429002396285e-01    1.4434534779894648e-05
   169.00    50.052    1.2211329170902940e-01    1.4264792840279483e-05
   170.00    50.412    1.2211231585227438e-01    1.4103106259710785e-05
   171.00    50.758    1.2211136212158345e-01    1.3961565390019359e-05
   172.00    51.095    1.2211043090065571e-01    1.3849499815421495e-05
   173.00    51.434    1.2210952229671160e-01    1.3703160941958004e-05
   174.00    51.784    1.2210863547639556e-01    1.3564656514475359e-05
   175.00    52.119    1.2210776840286627e-01    1.3416940117139120e-05
   176.00    52.433    1.2210692094909215e-01    1.3310340428063228e-05
   177.00    52.770    1.2210609101568737e-01    1.3166507555339990e-05
   178.00    53.082    1.2210527960653152e-01    1.3023037059411990e-05
   179.00    53.392    1.2210448765326347e-01    1.2896824808095175e-05
   180.00    53.705    1.2210371321874453e-01    1.2776218833110420e-05
   181.00    54.015    1.2210295521174860e-01    1.2640424728260768e-05
   182.00    54.328    1.2210221353328991e-01    1.2501023908484399e-05
   183.00    54.639    1.2210148808439351e-01    1.2346595944734418e-05
   184.00    54.962    1.2210077775863699e-01    1.2196725405644315e-05
   185.00    55.314    1.2210008318751764e-01    1.2063772711456977e-05
   186.00    55.633    1.2209940295088284e-01    1.1919460172649110e-05
   187.00    55.985    1.2209873733101306e-01    1.1855077715949847e-05
   188.00    56.330    1.2209808835256691e-01    1.1756326570022679e-05
   189.00    56.659    1.2209745254277779e-01    1.1670537483965404e-05
   190.00    56.971    1.2209683086966509e-01    1.1561908140222954e-05
   191.00    57.318    1.2209622218840305e-01    1.1465531988719135e-05
   192.00    57.634    1.2209562535930887e-01    1.1368846946524513e-05
   193.00    57.948    1.2209504101273479e-01    1.1258086946241974e-05
   194.00    58.317    1.2209446917253300e-01    1.1123599060525180e-05
   195.00    58.654    1.2209391010674760e-01    1.1007255757533585e-05
   196.00    58.962    1.2209336280193205e-01    1.0908554017419192e-05
   197.00    59.280    1.2209282597505296e-01    1.0807130703227585e-05
   198.00    59.602    1.2209230063230250e-01    1.0710818429515712e-05
   199.00    59.916    1.2209178596595982e-01    1.0607810999374578e-05
   200.00    60.225    1.2209128099332614e-01    1.0515058855631310e-05
   201.00    60.537    1.2209078775329008e-01    1.0435720465551412e-05
   202.00    60.861    1.2209030477463290e-01    1.0329502625694431e-05
   203.00    61.181    1.2208983153378899e-01    1.0234017491228542e-05
   204.00    61.501    1.2208936713175488e-01    1.0135781023379309e-05
   205.00    61.815    1.2208891308118246e-01    1.0058999745155006e-05
   206.00    62.180    1.2208846839666417e-01    9.9785530682794388e-06
   207.00    62.607    1.2208803225795040e-01    9.8762071782942940e-06
   208.00    63.025    1.2208760492404476e-01    9.7907704610378232e-06
   209.00    63.460    1.2208718556331399e-01    9.7051418812554857e-06
   210.00    63.888    1.2208677482379023e-01    9.6182555360257993e-06
   211.00    65.781    1.2208637234089981e-01    9.5164337743369742e-06
   212.00    66.844    1.2208597718352875e-01    9.4270932198270430e-06
   213.00    67.834    1.2208558975075492e-01    9.3549796744696323e-06
   214.00    68.531    1.2208521050310917e-01    9.2769761970146192e-06
   215.00    69.204    1.2208483821256165e-01    9.1903065477794144e-06
   216.00    69.858    1.2208447351300056e-01    9.1115688185539057e-06
   217.00    70.505    1.2208411579430523e-01    9.0398119514389919e-06
   218.00    71.148    1.2208376475522832e-01    8.9591375100894766e-06
   219.00    71.673    1.2208342038574546e-01    8.8874311376940796e-06
   220.00    72.208    1.2208308282223758e-01    8.8061924223836741e-06
   221.00    72.719    1.2208275150115395e-01    8.7334079239553830e-06
   222.00    73.241    1.2208242637513640e-01    8.6605290938734925e-06
   223.00    73.751    1.2208210692722517e-01    8.5718372808685217e-06
   224.00    74.260    1.2208179353518553e-01    8.5001102707593645e-06
   225.00    74.769    1.2208148602066375e-01    8.4374869686598686e-06
   226.00    75.675    1.2208118426619065e-01    8.3579069887207424e-06
   227.00    76.567    1.2208088815744680e-01    8.2868069934960431e-06
   228.00    77.241    1.2208059895248353e-01    8.2232904325962863e-06
   229.00    77.890    1.2208031501383908e-01    8.1585114912741119e-06
   230.00    78.546    1.2208003620455427e-01    8.0850044330560422e-06
   231.00    79.198    1.2207976275805779e-01    8.0185459339077170e-06
   232.00    79.858    1.2207949423186745e-01    7.9434180104698271e-06
   233.00    80.795    1.2207923044514131e-01    7.8791855990800741e-06
   234.00    82.291    1.2207897140288054e-01    7.8237305469741614e-06
   235.00    83.183    1.2207871689525793e-01    7.7581781283697637e-06
   236.00    84.054    1.2207846670095462e-01    7.6917104809837156e-06
   237.00    84.707    1.2207822139234639e-01    7.6351393794027445e-06
   238.00    85.351    1.2207798081055977e-01    7.5664114085327583e-06
   239.00    85.963    1.2207774471983937e-01    7.5057202391093369e-06
   240.00    86.485    1.2207751286491779e-01    7.4321561136514447e-06
   241.00    87.000    1.2207728485740228e-01    7.3596482135229735e-06
   242.00    87.516    1.2207706070627013e-01    7.2915282238739110e-06
   243.00    88.022    1.2207684082186926e-01    7.2301089737436541e-06
   244.00    88.526    1.2207662511943614e-01    7.1820342082418165e-06
   245.00    89.029    1.2207641306852192e-01    7.1299117880840868e-06
   246.00    89.523    1.2207620491478333e-01    7.0781729348823319e-06
   247.00    89.937    1.2207600031616572e-01    7.0218976819802492e-06
   248.00    90.356    1.2207579958339458e-01    6.9563329745392366e-06
   249.00    90.779    1.2207560238118970e-01    6.8967470809866427e-06
   250.00    91.227    1.2207540840181715e-01    6.8388393543727943e-06
   251.00    91.619    1.2207521760054196e-01    6.7937345331614551e-06
   252.00    91.996    1.2207502998041433e-01    6.7396853946632973e-06
   253.00    92.361    1.2207484583480321e-01    6.6897088100148494e-06
   254.00    92.719    1.2207466501844831e-01    6.6362179875767424e-06
   255.00    93.072    1.2207448702732843e-01    6.5792633492378627e-06
   256.00    93.480    1.2207431197477780e-01    6.5171176384382079e-06
   257.00    93.837    1.2207414011869368e-01    6.4617646238218640e-06
   258.00    94.194    1.2207397130255099e-01    6.4114172104723366e-06
   259.00    94.552    1.2207380518878991e-01    6.3556223945937518e-06
   260.00    94.908    1.2207364166523213e-01    6.3036287105688871e-06
   261.00    95.222    1.2207348095845917e-01    6.2417342387988128e-06
   262.00    95.533    1.2207332312347095e-01    6.2023206233163819e-06
   263.00    95.843    1.2207316802021445e-01    6.1630583658711657e-06
   264.00    96.151    1.2207301546649220e-01    6.1088840386247512e-06
   265.00    96.460    1.2207286538647553e-01    6.0636649337197923e-06
   266.00    96.767    1.2207271780673895e-01    6.0053097890033769e-06
   267.00    97.077    1.2207257261629947e-01    5.9684234336998543e-06
   268.00    97.392    1.2207242999814122e-01    5.9244820160841982e-06
   269.00    97.711    1.2207228980991006e-01    5.8733730732285494e-06
   270.00    98.033    1.2207215186530582e-01    5.8261339894727371e-06
   271.00    98.355    1.2207201633743632e-01    5.7856519433130416e-06
   272.00    98.668    1.2207188290513268e-01    5.7399408248670625e-06
   273.00    98.979    1.2207175165206109e-01    5.7006923253055675e-06
   274.00    99.293    1.2207162257940249e-01    5.6588329595541609e-06
   275.00    99.605    1.2207149574952122e-01    5.6170836923996603e-06
   276.00    99.913    1.2207137095729190e-01    5.5736267956518759e-06
   277.00   100.222    1.2207124808018105e-01    5.5259046991551486e-06
   278.00   100.530    1.2207112723080166e-01    5.4876769368661371e-06
   279.00   100.841    1.2207100843644364e-01    5.4411039691615315e-06
   280.00   101.151    1.2207089165308982e-01    5.4034592835705553e-06
   281.00   101.473    1.2207077647923185e-01    5.3491423912532809e-06
   282.00   101.795    1.2207066312222463e-01    5.3094720211532831e-06
   283.00   102.116    1.2207055160060179e-01    5.2636391174587516e-06
   284.00   102.428    1.2207044182665855e-01    5.2242613080011324e-06
   285.00   102.738    1.2207033387725549e-01    5.1843766879500208e-06
   286.00   103.056    1.2207022768068233e-01    5.1539117364995946e-06
   287.00   103.376    1.2207012319779131e-01    5.1082259471257885e-06
   288.00   103.687    1.2207002027166153e-01    5.0720024979966638e-06
   289.00   103.999    1.2206991890620089e-01    5.0334787538020009e-06
   290.00   104.306    1.2206981909257307e-01    4.9900323233487143e-06
   291.00   104.622    1.2206972090917520e-01    4.9545364646519374e-06
   292.00   104.938    1.2206962430732290e-01    4.9077670194463963e-06
   293.00   105.256    1.2206952917604597e-01    4.8740565414817638e-06
   294.00   105.568    1.2206943556383931e-01    4.8389161797501856e-06
   295.00   105.882    1.2206934332299821e-01    4.8012299309618811e-06
   296.00   106.196    1.2206925254544250e-01    4.7704447894147961e-06
   297.00   106.519    1.2206916318609158e-01    4.7332047774517605e-06
   298.00   106.839    1.2206907514583802e-01    4.6984138872829817e-06
   299.00   107.149    1.2206898846960085e-01    4.6625532217348109e-06
   300.00   107.461    1.2206890318657607e-01    4.6280055929770469e-06
   301.00   107.775    1.2206881918372567e-01    4.5955665282093605e-06
   302.00   108.084    1.2206873636371142e-01    4.5609350429742790e-06
   303.00   108.393    1.2206865473337521e-01    4.5272433748522189e-06
   304.00   108.706    1.2206857426668051e-01    4.4937070953210423e-06
   305.00   109.016    1.2206849513289438e-01    4.4558651115522707e-06
   306.00   109.324    1.2206841715152270e-01    4.4226245439205059e-06
   307.00   109.634    1.2206834041660482e-01    4.3831310332365092e-06
   308.00   109.942    1.2206826476061347e-01    4.3448138082879950e-06
   309.00   110.250    1.2206819022994586e-01    4.3050696270086064e-06
   310.00   110.556    1.2206811682095287e-01    4.2847679182500542e-06
   311.00   110.866    1.2206804449388539e-01    4.2558623416510954e-06
   312.00   111.176    1.2206797324233767e-01    4.2276344700553636e-06
   313.00   111.507    1.2206790305392796e-01    4.1962322576694078e-06
   314.00   111.923    1.2206783398163294e-01    4.1662571454992303e-06
   315.00   112.340    1.2206776590576213e-01    4.1372831631747431e-06
   316.00   112.771    1.2206769876760956e-01    4.1066300688896717e-06
   317.00   113.188    1.2206763261578188e-01    4.0717337057571967e-06
   318.00   114.735    1.2206756750770922e-01    4.0432249832633715e-06
   319.00   115.795    1.2206750331757893e-01    4.0074963401082186e-06
   320.00   116.663    1.2206744009139453e-01    3.9852160291786731e-06
   321.00   117.363    1.2206737778113722e-01    3.9557645337140457e-06
   322.00   118.017    1.2206731634289970e-01    3.9269192484425730e-06
   323.00   118.663    1.2206725582434429e-01    3.8991350805872571e-06
   324.00   119.319    1.2206719615883584e-01    3.8708924989805382e-06
   325.00   119.965    1.2206713725513205e-01    3.8400141200156668e-06
   326.00   120.614    1.2206707918615364e-01    3.8057977000960364e-06
   327.00   121.124    1.2206702189807594e-01    3.7778288302092733e-06
   328.00   121.629    1.2206696560446266e-01    3.7553999234773983e-06
   329.00   122.135    1.2206691008883873e-01    3.7251135651672485e-06
   330.00   122.674    1.2206685533863548e-01    3.6967437360146960e-06
   331.00   123.208    1.2206680136663248e-01    3.6715262865527620e-06
   332.00   123.727    1.2206674813745982e-01    3.6444730220352994e-06
   333.00   124.240    1.2206669566278576e-01    3.6165290495659974e-06
   334.00   124.666    1.2206664390094381e-01    3.5917973200128017e-06
   335.00   125.084    1.2206659280414786e-01    3.5673583411721665e-06
   336.00   125.503    1.2206654244507616e-01    3.5416483967765089e-06
   337.00   125.919    1.2206649289012693e-01    3.5165405307679976e-06
   338.00   126.307    1.2206644403157776e-01    3.4903059464852504e-06
   339.00   126.666    1.2206639582244919e-01    3.4637240560186910e-06
   340.00   127.030    1.2206634829633221e-01    3.4297695350460344e-06
   341.00   127.390    1.2206630133955268e-01    3.4027448947426819e-06
   342.00   127.746    1.2206625508959904e-01    3.3832354269236475e-06
   343.00   128.082    1.2206620946724477e-01    3.3658547806680872e-06
   344.00   128.391    1.2206616445585282e-01    3.3394630456484720e-06
   345.00   128.722    1.2206612009623002e-01    3.3176724976158312e-06
   346.00   129.029    1.2206607632756244e-01    3.2909783271861670e-06
   347.00   129.340    1.2206603315870182e-01    3.2681214854335394e-06
   348.00   129.654    1.2206599060574548e-01    3.2455135823283854e-06
   349.00   129.964    1.2206594860244493e-01    3.2222301022954980e-06
   350.00   130.276    1.2206590719662770e-01    3.1998315321857262e-06
   351.00   130.585    1.2206586632545322e-01    3.1765738128797238e-06
   352.00   130.895    1.2206582599284646e-01    3.1532537967393637e-06
   353.00   131.203    1.2206578618367618e-01    3.1304928498343543e-06
   354.00   131.510    1.2206574690708644e-01    3.1106779836420628e-06
   355.00   131.822    1.2206570818348933e-01    3.0858157380464490e-06
   356.00   132.131    1.2206566994145641e-01    3.0656073057855338e-06
   357.00   132.440    1.2206563225245175e-01    3.0433259290418846e-06
   358.00   132.757    1.2206559508260312e-01    3.0233724679362695e-06
   359.00   133.065    1.2206555839330897e-01    3.0021719865658270e-06
   360.00   133.373    1.2206552218021197e-01    2.9793115672305248e-06
   361.00   133.681    1.2206548643774626e-01    2.9574816089450451e-06
   362.00   133.991    1.2206545112250669e-01    2.9328882504842113e-06
   363.00   134.304    1.2206541626126940e-01    2.9114468169666452e-06
   364.00   134.632    1.2206538191897347e-01    2.8949804509181831e-06
   365.00   134.942    1.2206534797848692e-01    2.8709926347403325e-06
   366.00   135.251    1.2206531442676502e-01    2.8519942638638440e-06
   367.00   135.562    1.2206528133354191e-01    2.8335450679151108e-06
   368.00   135.873    1.2206524865452248e-01    2.8123281516911902e-06
   369.00   136.192    1.2206521642636876e-01    2.7909820943250452e-06
   370.00   136.508    1.2206518462209917e-01    2.7737012189277266e-06
   371.00   136.817    1.2206515326952046e-01    2.7551542345349844e-06
   372.00   137.129    1.2206512233112224e-01    2.7343620097042276e-06
   373.00   137.443    1.2206509176833792e-01    2.7146810914757680e-06
   374.00   137.766    1.2206506156843711e-01    2.6916608604210523e-06
   375.00   138.079    1.2206503172894534e-01    2.6689331100726577e-06
   376.00   138.392    1.2206500230938024e-01    2.6561956332216141e-06
   377.00   138.701    1.2206497328021873e-01    2.6389001952509261e-06
   378.00   139.010    1.2206494459318244e-01    2.6197232223523770e-06
   379.00   139.319    1.2206491626796846e-01    2.6013468676922002e-06
   380.00   139.630    1.2206488831163939e-01    2.5840661805887066e-06
   381.00   139.941    1.2206486070627906e-01    2.5648610844086761e-06
   382.00   140.259    1.2206483344987314e-01    2.5464774680017399e-06
   383.00   140.566    1.2206480652804777e-01    2.5296370544936053e-06
   384.00   140.875    1.2206477992685026e-01    2.5123257998416193e-06
   385.00   141.185    1.2206475366887486e-01    2.4946541863357652e-06
   386.00   141.496    1.2206472773009705e-01    2.4784815302325569e-06
   387.00   141.806    1.2206470212436063e-01    2.4627068349047931e-06
   388.00   142.118    1.2206467682982740e-01    2.4436903558466838e-06
   389.00   142.508    1.2206465184340964e-01    2.4276435333092650e-06
   390.00   142.884    1.2206462713945468e-01    2.4084534473445274e-06
   391.00   143.281    1.2206460273292308e-01    2.3911184783287354e-06
   392.00   143.679    1.2206457864450433e-01    2.3745643673578343e-06
   393.00   144.050    1.2206455486965655e-01    2.3588507858107732e-06
   394.00   144.407    1.2206453137279166e-01    2.3398670769836372e-06
   395.00   144.849    1.2206450816733419e-01    2.3223353124990354e-06
   396.00   145.273    1.2206448523104890e-01    2.3017994656981955e-06
   397.00   145.692    1.2206446257285515e-01    2.2900012588422669e-06
   398.00   146.115    1.2206444021481644e-01    2.2754103454758479e-06
   399.00   146.507    1.2206441812220321e-01    2.2613671255555801e-06
   400.00   146.877    1.2206439628296323e-01    2.2452854757659679e-06
   401.00   147.234    1.2206437469834999e-01    2.2299053128449486e-06
   402.00   147.597    1.2206435338808920e-01    2.2133800108292689e-06
   403.00   147.956    1.2206433232328390e-01    2.1988156824193084e-06
   404.00   148.290    1.2206431150189787e-01    2.1809560806218542e-06
   405.00   148.602    1.2206429091764336e-01    2.1645301444550569e-06
   406.00   148.912    1.2206427058871999e-01    2.1527095519502382e-06
   407.00   149.219    1.2206425048846335e-01    2.1387183792853648e-06
   408.00   149.530    1.2206423061762856e-01    2.1245835597483165e-06
   409.00   149.841    1.2206421096165422e-01    2.1085578936208549e-06
   410.00   150.159    1.2206419154912672e-01    2.0949957146854103e-06
   411.00   150.475    1.2206417235027933e-01    2.0801903488631979e-06
   412.00   150.785    1.2206415338778137e-01    2.0681689925083901e-06
   413.00   151.093    1.2206413462342620e-01    2.0524281971745495e-06
   414.00   151.407    1.2206411608254643e-01    2.0392850181849553e-06
   415.00   151.718    1.2206409777738218e-01    2.0249377321590600e-06
   416.00   152.027    1.2206407967709437e-01    2.0103154128037204e-06
   417.00   152.337    1.2206406178502482e-01    1.9972780478383356e-06
   418.00   152.647    1.2206404409230417e-01    1.9842263370151159e-06
   419.00   152.959    1.2206402660842966e-01    1.9675956366427272e-06
   420.00   153.269    1.2206400931160541e-01    1.9554080097350379e-06
   421.00   153.579    1.2206399221815989e-01    1.9423808979013302e-06
   422.00   153.901    1.2206397532063470e-01    1.9303516900492923e-06
   423.00   154.225    1.2206395860954158e-01    1.9167284257548545e-06
   424.00   154.547    1.2206394207989738e-01    1.9024202266848533e-06
   425.00   154.860    1.2206392574007734e-01    1.8896410800550711e-06
   426.00   155.181    1.2206390958534052e-01    1.8781930961608850e-06
   427.00   155.505    1.2206389359973784e-01    1.8635180012438468e-06
   428.00   155.822    1.2206387779533541e-01    1.8524444094225601e-06
   429.00   156.138    1.2206386216603510e-01    1.8386731817088275e-06
   430.00   156.451    1.2206384669751424e-01    1.8253488320851829e-06
   431.00   156.760    1.2206383139971491e-01    1.8101207928111762e-06
   432.00   157.072    1.2206381625466162e-01    1.7965786405227391e-06
   433.00   157.383    1.2206380128347802e-01    1.7860873491315488e-06
   434.00   157.696    1.2206378649266390e-01    1.7748650407156674e-06
   435.00   158.015    1.2206377187606018e-01    1.7637515803414772e-06
   436.00   158.332    1.2206375741141545e-01    1.7512288081888983e-06
   437.00   158.647    1.2206374309748744e-01    1.7405326389052789e-06
   438.00   158.965    1.2206372893236955e-01    1.7274387538179781e-06
   439.00   159.281    1.2206371491112809e-01    1.7150937061671812e-06
   440.00   159.597    1.2206370105239889e-01    1.7039431554621842e-06
   441.00   159.914    1.2206368734095786e-01    1.6923352781361700e-06
   442.00   160.233    1.2206367378493062e-01    1.6813725736142260e-06
   443.00   160.546    1.2206366035346466e-01    1.6683044563592375e-06
   444.00   160.857    1.2206364705358350e-01    1.6579074433309415e-06
   445.00   161.163    1.2206363390381031e-01    1.6481816125235582e-06
   446.00   161.474    1.2206362089612428e-01    1.6364298680571210e-06
   447.00   161.784    1.2206360802555336e-01    1.6245241454271309e-06
   448.00   162.093    1.2206359527579716e-01    1.6117673133919652e-06
   449.00   162.404    1.2206358265725423e-01    1.6002725509167703e-06
   450.00   162.718    1.2206357018313869e-01    1.5910590533962932e-06
   451.00   163.025    1.2206355783602914e-01    1.5812442590856790e-06
   452.00   163.333    1.2206354561049881e-01    1.5692440733516833e-06
   453.00   163.644    1.2206353352103250e-01    1.5597817260015745e-06
   454.00   163.959    1.2206352154896118e-01    1.5486039011136654e-06
   455.00   164.271    1.2206350970185488e-01    1.5372367734300951e-06
   456.00   164.583    1.2206349797638619e-01    1.5265773640749103e-06
   457.00   164.897    1.2206348637157488e-01    1.5167848488317759e-06
   458.00   165.207    1.2206347489067033e-01    1.5074565524741956e-06
   459.00   165.516    1.2206346352529263e-01    1.4983626002162964e-06
   460.00   165.829    1.2206345226700724e-01    1.4870328435279134e-06
   461.00   166.155    1.2206344111830533e-01    1.4766024882817419e-06
   462.00   166.508    1.2206343007169369e-01    1.4643319765639262e-06
   463.00   166.923    1.2206341912097673e-01    1.4539334536323167e-06
   464.00   167.339    1.2206340829887104e-01    1.4457636936526796e-06
   465.00   167.757    1.2206339758752642e-01    1.4371215684150229e-06
   466.00   168.178    1.2206338698552273e-01    1.4268074401968533e-06
   467.00   169.776    1.2206337648852729e-01    1.4174608082839768e-06
   468.00   172.655    1.2206336608847941e-01    1.4074340519698580e-06
   469.00   174.058    1.2206335580045410e-01    1.3991237501898013e-06
