    epoch   elapsed                       val                 norm_grad
     0.00     0.000    6.9314718055994540e-01    2.0236336779911376e-01
     0.12     0.009    6.9314379178259689e-01    2.0236274603742621e-01
     0.20     0.015    2.8339462446787400e-01    7.9062651993313943e-02
     0.32     0.027    2.2908210843848789e-01    7.3657256320797254e-02
     0.40     0.034    1.6620100123115270e-01    3.5098606191639493e-02
     0.52     0.044    1.3114697153359109e-01    2.1553207305460873e-02
     0.60     0.051    9.1292041249568051e-02    1.1183884376739943e-02
     0.72     0.062    7.7441489081486320e-02    1.3287579530390881e-02
     0.80     0.070    6.9896249049572284e-02    8.7765439726843458e-03
     0.92     0.081    4.0862061386453326e-02    6.0675114730485112e-03
     1.00     0.088    3.8581661373728003e-02    4.4518852347070889e-03
     1.12     0.102    3.4335344136563480e-02    1.0998228083059104e-02
     1.20     0.109    2.7695381939297256e-02    1.6575021657824509e-03
     1.32     0.119    2.0915358405722565e-02    1.6123139482714336e-03
     1.40     0.127    2.0141979420030438e-02    3.3520077056569202e-03
     1.52     0.140    1.8533816454691179e-02    2.7137255249967329e-03
     1.60     0.148    1.5927125717936873e-02    5.9305129528501826e-04
     1.72     0.160    1.5770262818104275e-02    9.4952404175030556e-04
     1.80     0.169    1.5449007666666650e-02    6.0155461676485676e-04
     1.92     0.181    1.5255748498718988e-02    5.1509789002303222e-04
     2.00     0.189    1.5001975265896831e-02    6.4297182727023809e-04
     2.12     0.200    1.4901488753185491e-02    4.8646869642832104e-04
     2.20     0.207    1.4877604894221918e-02    4.1780811940626426e-04
     2.32     0.218    1.4813973939680352e-02    2.9439970078592802e-04
     2.40     0.225    1.4804723888064641e-02    3.5580193205489647e-04
     2.52     0.235    1.4782895490188967e-02    2.7755933265533603e-04
     2.60     0.242    1.4780809364250112e-02    3.2862925508120761e-04
     2.72     0.252    1.4761871893254605e-02    2.8115693844603937e-04
     2.80     0.260    1.4755051069217625e-02    2.4400306794120427e-04
     2.92     0.270    1.4757338542013457e-02    2.5478964720678242e-04
     3.00     0.277    1.4753078411821028e-02    2.3071674354081047e-04
     3.12     0.302    1.4742278880285568e-02    2.4042263514375365e-04
     3.20     0.308    1.4738069004214862e-02    2.3736340624352275e-04
     3.32     0.318    1.4734212504203148e-02    2.0984976126949624e-04
     3.40     0.326    1.4729976158759145e-02    1.6768848519983575e-04
     3.52     0.339    1.4723914791387334e-02    1.6213076671222867e-04
     3.60     0.347    1.4721809024720745e-02    1.7662542198005579e-04
     3.72     0.359    1.4711299765621272e-02    1.5147831707040021e-04
     3.80     0.367    1.4697024482745406e-02    1.2833290643477318e-04
     3.92     0.379    1.4690017622073621e-02    1.2288250904257490e-04
     4.00     0.388    1.4681456476602524e-02    1.2229085139681573e-04
     4.12     0.399    1.4669192939462890e-02    1.2183930327706642e-04
     4.20     0.414    1.4652392505965898e-02    1.1904471182156256e-04
     4.32     0.426    1.4607804865007271e-02    1.0380529967314822e-04
     4.40     0.433    1.4589301652704268e-02    1.0773504914743647e-04
     4.52     0.446    1.4586161391498636e-02    9.6106709975830057e-05
     4.60     0.454    1.4580000868234832e-02    9.4952914236659449e-05
     4.72     0.468    1.4568024157802076e-02    9.0629403453541276e-05
     4.80     0.476    1.4563996342234389e-02    8.9782845218214512e-05
     4.92     0.489    1.4555814203534228e-02    8.7179418184951159e-05
     5.00     0.497    1.4549036611701007e-02    7.9739214833459050e-05
     5.12     0.510    1.4536484748665601e-02    6.4379800982191206e-05
     5.20     0.527    1.4530311006591988e-02    5.7622716814683401e-05
     5.32     0.540    1.4520087168992741e-02    4.3630350167191956e-05
     5.40     0.547    1.4513484806915417e-02    5.2043167355285916e-05
     5.52     0.561    1.4509387087010847e-02    3.6361304779105653e-05
     5.60     0.570    1.4506542222416870e-02    3.2107580314548534e-05
     5.72     0.584    1.4503096574887402e-02    4.7756902603214211e-05
     5.80     0.595    1.4500540898656199e-02    4.9950674715327928e-05
     5.92     0.612    1.4497804928860306e-02    5.7137171227173518e-05
     6.00     0.622    1.4495157973557956e-02    6.2557744841536191e-05
     6.12     0.636    1.4491635466317536e-02    4.2237389847860193e-05
     6.20     0.645    1.4490271912004842e-02    3.4611052686157504e-05
     6.32     0.665    1.4488594040878574e-02    2.0052508568986922e-05
     6.40     0.674    1.4487968517685990e-02    2.2198079504313323e-05
     6.52     0.687    1.4487624691352648e-02    3.4105420548120904e-05
     6.60     0.697    1.4487254716775864e-02    4.0027228089361988e-05
     6.72     0.712    1.4486819265332644e-02    3.0088216543423465e-05
     6.80     0.721    1.4486655060854576e-02    2.9507451657042974e-05
     6.92     0.735    1.4486441616456638e-02    1.6797471640666689e-05
     7.00     0.744    1.4486338454093237e-02    1.5507475873708110e-05
     7.12     0.756    1.4486441581502698e-02    1.6130644434447168e-05
     7.20     0.765    1.4486427771067494e-02    2.3491902038603252e-05
     7.32     0.787    1.4486160241941867e-02    1.9196018184384707e-05
     7.40     0.797    1.4486065480074591e-02    1.2931941333900994e-05
     7.52     0.810    1.4486088707859675e-02    8.7216468890340132e-06
     7.60     0.818    1.4486057290140616e-02    7.8871403960433891e-06
     7.72     0.837    1.4486056283703468e-02    1.0593771490875136e-05
     7.80     0.850    1.4486067973334118e-02    1.0806552654384812e-05
     7.92     0.869    1.4486019171700752e-02    1.3539206859921330e-05
     8.00     0.879    1.4485950003371099e-02    9.2355978015426043e-06
     8.12     0.895    1.4485898158800744e-02    3.9713747993513513e-06
     8.20     0.904    1.4485912572247557e-02    5.6393530428887852e-06
     8.32     0.925    1.4485917739484967e-02    5.2323544108926792e-06
     8.40     0.934    1.4485888770622398e-02    4.0720289680964739e-06
     8.52     0.948    1.4485887870346194e-02    3.2298029556742838e-06
     8.60     0.957    1.4485876246033536e-02    1.8545679804030711e-06
     8.72     0.970    1.4485871328486588e-02    1.6184269399336667e-06
     8.80     0.981    1.4485871306177759e-02    1.6469305760403393e-06
     8.92     0.996    1.4485873517754065e-02    1.9742435949780190e-06
     9.00     1.005    1.4485870845508772e-02    1.9946574625731785e-06
     9.12     1.023    1.4485871257244473e-02    2.5242549854623286e-06
     9.20     1.034    1.4485869659812894e-02    1.4604961551728646e-06
     9.32     1.049    1.4485868271377877e-02    1.1422670955700538e-06
     9.40     1.066    1.4485866957618611e-02    5.3523858233556307e-07
     9.52     1.079    1.4485868289414085e-02    8.8339092161064583e-07
     9.60     1.089    1.4485867638668892e-02    8.4517114393869801e-07
     9.72     1.103    1.4485867038474187e-02    6.2628638999955553e-07
     9.80     1.113    1.4485866861044933e-02    8.2300886765190840e-07
     9.92     1.128    1.4485866402140361e-02    6.8483955608178920e-07
    10.00     1.139    1.4485866359170034e-02    4.1274048253833219e-07
    10.12     1.153    1.4485866239420896e-02    4.8903850979642075e-07
    10.20     1.163    1.4485866302820666e-02    3.8523881883745822e-07
    10.32     1.178    1.4485866266073753e-02    3.3734685142073392e-07
    10.40     1.195    1.4485866316264619e-02    2.7677902142056844e-07
    10.52     1.211    1.4485866253241809e-02    5.4592914401632654e-07
    10.60     1.221    1.4485866198625248e-02    3.3834718408701046e-07
    10.72     1.235    1.4485866191849956e-02    3.5683350750634297e-07
    10.80     1.244    1.4485866193490630e-02    3.5875967733371998e-07
    10.92     1.258    1.4485866159621491e-02    1.2904834172166262e-07
    11.00     1.268    1.4485866151448413e-02    1.1615549989748761e-07
    11.12     1.284    1.4485866145114591e-02    1.1664719198279587e-07
    11.20     1.294    1.4485866141051166e-02    1.0070840208978500e-07
    11.32     1.308    1.4485866137242218e-02    8.6953129730630175e-08
    11.40     1.317    1.4485866137031336e-02    1.2645026020308966e-07
    11.52     1.338    1.4485866138893013e-02    1.9006363716752978e-07
    11.60     1.347    1.4485866134985476e-02    8.4472638342261293e-08
    11.72     1.361    1.4485866132400306e-02    5.7654968882192873e-08
    11.80     1.371    1.4485866131414957e-02    5.7182976778310764e-08
    11.92     1.386    1.4485866132109469e-02    6.7220462644204844e-08
    12.00     1.395    1.4485866131819389e-02    7.1769990938820485e-08
    12.12     1.409    1.4485866130255664e-02    3.0908531692950582e-08
    12.20     1.418    1.4485866130017132e-02    5.9304681805502017e-08
    12.32     1.433    1.4485866129030953e-02    2.2821334348285241e-08
    12.40     1.443    1.4485866128900470e-02    2.0034723274267238e-08
    12.52     1.464    1.4485866128793299e-02    2.5666806766446761e-08
    12.60     1.473    1.4485866128872024e-02    2.1281443479184150e-08
    12.72     1.489    1.4485866128701704e-02    1.5117442956259041e-08
    12.80     1.498    1.4485866128868246e-02    2.0792277805600030e-08
    12.92     1.512    1.4485866128480913e-02    6.0886732425357356e-09
    13.00     1.522    1.4485866128585987e-02    2.1438449798757519e-08
    13.12     1.536    1.4485866128481142e-02    1.3320674819992029e-08
    13.20     1.547    1.4485866128442127e-02    1.4775156970617948e-08
    13.32     1.562    1.4485866128377003e-02    4.4841789870971635e-09
    13.40     1.571    1.4485866128360916e-02    3.5734197801693174e-09
    13.52     1.593    1.4485866128350511e-02    3.4681185736892936e-09
    13.60     1.603    1.4485866128347031e-02    1.8541658332131821e-09
    13.72     1.619    1.4485866128349508e-02    4.2679209361609269e-09
    13.80     1.628    1.4485866128344412e-02    2.8744182267682536e-09
    13.92     1.644    1.4485866128350743e-02    6.8675651462011319e-09
    14.00     1.654    1.4485866128345661e-02    4.9969534231160553e-09
    14.12     1.667    1.4485866128337467e-02    1.0393397746702335e-09
    14.20     1.677    1.4485866128338704e-02    3.1944381256071206e-09
    14.32     1.692    1.4485866128337018e-02    2.2127014278998380e-09
    14.40     1.702    1.4485866128336768e-02    2.1062890826557996e-09
    14.52     1.717    1.4485866128335754e-02    1.1411389688106832e-09
    14.60     1.733    1.4485866128335597e-02    9.3105583259692291e-10
    14.72     1.747    1.4485866128335096e-02    6.0256697905725575e-10
    14.80     1.756    1.4485866128335065e-02    9.4152872434291601e-10
    14.92     1.771    1.4485866128334825e-02    8.4074733889508580e-10
    15.00     1.782    1.4485866128334938e-02    1.4415677630490067e-09
    15.12     1.797    1.4485866128334730e-02    9.9621010209551344e-10
    15.20     1.807    1.4485866128334544e-02    6.5744585665307442e-10
    15.32     1.823    1.4485866128334461e-02    4.6728681628348603e-10
    15.40     1.833    1.4485866128334485e-02    3.6112050943486120e-10
    15.52     1.847    1.4485866128334376e-02    2.6444431016398766e-10
    15.60     1.864    1.4485866128334367e-02    2.7340880193258820e-10
    15.72     1.879    1.4485866128334329e-02    3.6873079309462519e-10
    15.80     1.889    1.4485866128334293e-02    1.8630252609309937e-10
    15.92     1.904    1.4485866128334291e-02    1.3689215212267221e-10
    16.00     1.914    1.4485866128334274e-02    1.3643680428302438e-10
    16.12     1.929    1.4485866128334265e-02    1.7248238657856913e-10
    16.20     1.941    1.4485866128334256e-02    1.3653433628984146e-10
    16.32     1.957    1.4485866128334256e-02    7.7983587550836328e-11
    16.40     1.967    1.4485866128334253e-02    1.4003404352094079e-10
    16.52     1.982    1.4485866128334239e-02    1.2074398614939932e-10
    16.60     1.991    1.4485866128334239e-02    6.4078866275138474e-11
    16.72     2.013    1.4485866128334246e-02    6.0183868807084547e-11
    16.80     2.024    1.4485866128334241e-02    5.0708364380581700e-11
    16.92     2.039    1.4485866128334241e-02    7.0511597686432996e-11
    17.00     2.050    1.4485866128334243e-02    3.0004094694890959e-11
    17.12     2.065    1.4485866128334243e-02    2.2028140271058982e-11
    17.20     2.075    1.4485866128334243e-02    1.9709697087177394e-11
    17.32     2.091    1.4485866128334236e-02    1.7035205784180266e-11
    17.40     2.101    1.4485866128334236e-02    1.5545208019071567e-11
    17.52     2.116    1.4485866128334237e-02    1.7099540536915378e-11
    17.60     2.127    1.4485866128334236e-02    1.9107127819772540e-11
    17.72     2.150    1.4485866128334239e-02    2.3210729348856771e-11
    17.80     2.163    1.4485866128334234e-02    1.9004233299882434e-11
    17.92     2.177    1.4485866128334236e-02    1.1367339117522232e-11
    18.00     2.187    1.4485866128334239e-02    8.5986485672592122e-12
    18.12     2.203    1.4485866128334232e-02    9.3877976139328245e-12
    18.20     2.215    1.4485866128334236e-02    7.0083996555659906e-12
    18.32     2.231    1.4485866128334239e-02    6.8427532249389772e-12
    18.40     2.242    1.4485866128334234e-02    6.8511457222480629e-12
    18.52     2.270    1.4485866128334232e-02    5.6154038362320798e-12
    18.60     2.282    1.4485866128334232e-02    4.7217297685143468e-12
    18.72     2.306    1.4485866128334236e-02    4.8048283186636221e-12
    18.80     2.316    1.4485866128334239e-02    5.4778778694618453e-12
    18.92     2.331    1.4485866128334234e-02    6.6876786769011487e-12
    19.00     2.341    1.4485866128334239e-02    4.5979679617761185e-12
    19.12     2.356    1.4485866128334239e-02    7.0682121451354912e-12
    19.20     2.367    1.4485866128334241e-02    6.9257085147118175e-12
    19.32     2.383    1.4485866128334243e-02    7.6585494808998136e-12
    19.40     2.393    1.4485866128334239e-02    8.0435271073917014e-12
    19.52     2.408    1.4485866128334232e-02    1.0927490384999086e-11
    19.60     2.418    1.4485866128334239e-02    1.0810031689234556e-11
    19.72     2.433    1.4485866128334239e-02    8.5469384797668899e-12
    19.80     2.451    1.4485866128334236e-02    8.5365050938408446e-12
    19.92     2.465    1.4485866128334246e-02    1.0546467399483866e-11
    20.00     2.475    1.4485866128334239e-02    1.0566043604832466e-11
    20.12     2.490    1.4485866128334243e-02    8.2835749164959088e-12
    20.20     2.500    1.4485866128334236e-02    8.2727096250819268e-12
    20.32     2.516    1.4485866128334237e-02    1.0530072189099231e-11
    20.40     2.526    1.4485866128334239e-02    1.0413796547640262e-11
    20.52     2.543    1.4485866128334237e-02    8.2879434380993960e-12
    20.60     2.553    1.4485866128334236e-02    8.2344186401158218e-12
    20.72     2.568    1.4485866128334241e-02    1.0623916527866158e-11
    20.80     2.585    1.4485866128334241e-02    1.0535095013161286e-11
    20.92     2.602    1.4485866128334234e-02    8.3624095332818921e-12
    21.00     2.611    1.4485866128334234e-02    8.3910966960617020e-12
    21.12     2.627    1.4485866128334237e-02    1.0814917822507715e-11
    21.20     2.638    1.4485866128334236e-02    1.0815045555076161e-11
    21.32     2.653    1.4485866128334237e-02    8.4184351248914671e-12
    21.40     2.664    1.4485866128334241e-02    8.4128019763214656e-12
    21.52     2.678    1.4485866128334234e-02    1.0802904618491087e-11
    21.60     2.689    1.4485866128334236e-02    1.0737638398870472e-11
    21.72     2.704    1.4485866128334237e-02    8.1028677149062867e-12
    21.80     2.715    1.4485866128334236e-02    8.0836303904992246e-12
    21.92     2.730    1.4485866128334236e-02    1.0198238941153646e-11
    22.00     2.739    1.4485866128334239e-02    1.0059413873175944e-11
    22.12     2.753    1.4485866128334234e-02    7.5796291850371497e-12
    22.20     2.770    1.4485866128334236e-02    7.4404073126168452e-12
    22.32     2.786    1.4485866128334232e-02    9.5172301436225945e-12
    22.40     2.796    1.4485866128334239e-02    9.1872703834785380e-12
    22.52     2.811    1.4485866128334232e-02    7.0113516771955209e-12
    22.60     2.822    1.4485866128334236e-02    6.8172611381988463e-12
    22.72     2.837    1.4485866128334239e-02    8.5029664651523409e-12
    22.80     2.847    1.4485866128334236e-02    8.4084386995459878e-12
    22.92     2.862    1.4485866128334236e-02    6.3921687225038798e-12
    23.00     2.871    1.4485866128334236e-02    6.3250176038538719e-12
    23.12     2.886    1.4485866128334232e-02    7.8680865940377806e-12
    23.20     2.898    1.4485866128334241e-02    7.7411664724897841e-12
    23.32     2.913    1.4485866128334237e-02    6.0849024115846445e-12
    23.40     2.923    1.4485866128334241e-02    6.0259224639227366e-12
    23.52     2.937    1.4485866128334236e-02    7.5239357116580613e-12
    23.60     2.947    1.4485866128334232e-02    7.4485924698129702e-12
    23.72     2.960    1.4485866128334239e-02    5.7777760169557685e-12
    23.80     2.970    1.4485866128334236e-02    5.7142171853638568e-12
    23.92     2.985    1.4485866128334236e-02    7.1198827270111537e-12
    24.00     2.995    1.4485866128334244e-02    7.0743402726548138e-12
    24.12     3.011    1.4485866128334232e-02    5.5035344771053873e-12
    24.20     3.022    1.4485866128334237e-02    5.4654558602398179e-12
    24.32     3.036    1.4485866128334243e-02    6.8578569472482753e-12
    24.40     3.047    1.4485866128334243e-02    6.8437698135534811e-12
    24.52     3.061    1.4485866128334236e-02    5.3574474094238503e-12
    24.60     3.072    1.4485866128334239e-02    5.3242627320870817e-12
    24.72     3.087    1.4485866128334236e-02    6.6433571697162991e-12
    24.80     3.097    1.4485866128334239e-02    6.6178324349382492e-12
    24.92     3.111    1.4485866128334230e-02    5.1949201369675194e-12
    25.00     3.121    1.4485866128334232e-02    5.1763269235186038e-12
    25.12     3.136    1.4485866128334239e-02    6.4468676978877287e-12
    25.20     3.154    1.4485866128334237e-02    6.4238572550527270e-12
    25.32     3.171    1.4485866128334241e-02    5.0769928490240410e-12
    25.40     3.181    1.4485866128334239e-02    5.0328091710403686e-12
    25.52     3.199    1.4485866128334234e-02    6.1901039307386829e-12
    25.60     3.209    1.4485866128334232e-02    6.1438320658182763e-12
    25.72     3.226    1.4485866128334241e-02    4.8705557138426989e-12
    25.80     3.244    1.4485866128334232e-02    4.8319475590835603e-12
    25.92     3.263    1.4485866128334236e-02    5.9982200413186137e-12
    26.00     3.277    1.4485866128334239e-02    5.9794179563211688e-12
    26.12     3.303    1.4485866128334243e-02    4.6997859095665277e-12
    26.20     3.322    1.4485866128334229e-02    4.7069598991590113e-12
    26.32     3.349    1.4485866128334239e-02    5.5268236547664079e-12
    26.40     3.360    1.4485866128334234e-02    5.4935156494325191e-12
    26.52     3.374    1.4485866128334239e-02    4.7376194357547433e-12
    26.60     3.385    1.4485866128334236e-02    4.7423969861803278e-12
    26.72     3.402    1.4485866128334232e-02    5.3615357596334401e-12
    26.80     3.412    1.4485866128334236e-02    5.9848920117748852e-12
    26.92     3.436    1.4485866128334232e-02    4.7965717498137800e-12
    27.00     3.447    1.4485866128334236e-02    4.7997555840321830e-12
    27.12     3.461    1.4485866128334236e-02    6.0392506154392095e-12
    27.20     3.471    1.4485866128334236e-02    6.0412096603446735e-12
    27.32     3.485    1.4485866128334236e-02    4.8708127985065859e-12
    27.40     3.495    1.4485866128334236e-02    4.8918754721387174e-12
    27.52     3.510    1.4485866128334230e-02    5.9053587757665338e-12
    27.60     3.519    1.4485866128334239e-02    5.9057581009791874e-12
    27.72     3.534    1.4485866128334236e-02    4.8981127042779099e-12
    27.80     3.545    1.4485866128334236e-02    4.8981136394022837e-12
    27.92     3.559    1.4485866128334236e-02    5.9057938796508794e-12
    28.00     3.573    1.4485866128334236e-02    5.9057948554328346e-12
    28.12     3.589    1.4485866128334236e-02    4.8981143847912773e-12
    28.20     3.599    1.4485866128334236e-02    4.8981139714391990e-12
    28.32     3.615    1.4485866128334236e-02    5.9057974304129943e-12
    28.40     3.625    1.4485866128334236e-02    5.9057979183039719e-12
    28.52     3.640    1.4485866128334236e-02    4.8981136055209658e-12
    28.60     3.650    1.4485866128334236e-02    4.8981136936123923e-12
    28.72     3.663    1.4485866128334239e-02    5.9057978911989176e-12
    28.80     3.675    1.4485866128334236e-02    5.9057982842222051e-12
    28.92     3.690    1.4485866128334239e-02    4.8981136868361287e-12
    29.00     3.700    1.4485866128334239e-02    4.8981135174295393e-12
    29.12     3.713    1.4485866128334236e-02    5.9057953433238122e-12
    29.20     3.724    1.4485866128334236e-02    5.9057953975339209e-12
    29.32     3.739    1.4485866128334239e-02    4.8981140663068891e-12
    29.40     3.750    1.4485866128334239e-02    4.8981141543983156e-12
    29.52     3.765    1.4485866128334236e-02    5.9057935814952819e-12
    29.60     3.776    1.4485866128334236e-02    5.9057921313748762e-12
    29.72     3.791    1.4485866128334236e-02    4.8981140392018348e-12
    29.80     3.801    1.4485866128334236e-02    4.8981147303807197e-12
    29.92     3.815    1.4485866128334236e-02    5.9057908032272149e-12
    30.00     3.826    1.4485866128334239e-02    5.9057906270443619e-12
