    epoch   elapsed                       val                 norm_grad
     0.00     0.000    6.9314718056004021e-01    2.0236336779911376e-01
     1.00     0.006    8.4381188850238625e-02    9.6338977616401787e-03
     2.00     0.011    6.8189235780797608e-02    7.9923721425823151e-03
     3.00     0.019    6.0623749052852949e-02    6.9594956570384588e-03
     4.00     0.028    5.5965684913309818e-02    6.0674620299221793e-03
     5.00     0.033    5.2501815580952391e-02    5.5156537324579768e-03
     6.00     0.042    5.0133007570874598e-02    5.1538936504551139e-03
     7.00     0.049    4.8220127958535051e-02    5.0569278594634641e-03
     8.00     0.055    4.6830266474288160e-02    5.0624432660503170e-03
     9.00     0.062    4.5342305390101312e-02    4.6380905314307996e-03
    10.00     0.069    4.4378246902185725e-02    4.5709866045495892e-03
    11.00     0.077    4.3461267960954536e-02    4.3594183453174650e-03
    12.00     0.083    4.2693596605357292e-02    4.3799616207638829e-03
    13.00     0.090    4.1962612591566251e-02    4.2299513377129661e-03
    14.00     0.098    4.1378661090145714e-02    3.9325386802832761e-03
    15.00     0.103    4.0793045708050188e-02    3.9628032081829899e-03
    16.00     0.111    4.0286844278205794e-02    3.9130584498899496e-03
    17.00     0.121    3.9872541547243304e-02    4.0199326390048485e-03
    18.00     0.127    3.9435101443729775e-02    3.9945075961388002e-03
    19.00     0.134    3.9003230127812774e-02    3.8344043899216540e-03
    20.00     0.143    3.8624851354561084e-02    3.7312987814942158e-03
    21.00     0.149    3.8337063776875901e-02    3.8416414505367379e-03
    22.00     0.156    3.8016313991646108e-02    3.7421714475344959e-03
    23.00     0.166    3.7734941704548969e-02    3.6407533128459913e-03
    24.00     0.172    3.7434604700341087e-02    3.6098648064682823e-03
    25.00     0.178    3.7164000090032435e-02    3.5424725892757975e-03
    26.00     0.189    3.6925593234634485e-02    3.5977603140967596e-03
    27.00     0.196    3.6726347954553248e-02    3.6574405217813266e-03
    28.00     0.201    3.6471962585836418e-02    3.5500994360441662e-03
    29.00     0.211    3.6257831040284461e-02    3.5481182778471080e-03
    30.00     0.216    3.6058464707433076e-02    3.5183305386364918e-03
    31.00     0.222    3.5859514430809453e-02    3.4235829521788671e-03
    32.00     0.231    3.5656756279332583e-02    3.4292888585199886e-03
    33.00     0.237    3.5467008894548971e-02    3.3503357855890650e-03
    34.00     0.244    3.5303607524528137e-02    3.3009042115589140e-03
    35.00     0.252    3.5135613002089200e-02    3.3324254906936528e-03
    36.00     0.260    3.4991634344087245e-02    3.3784851504551610e-03
    37.00     0.267    3.4876405817861472e-02    3.4443410782941638e-03
    38.00     0.275    3.4750821372298041e-02    3.4449596296023495e-03
    39.00     0.283    3.4567290772349470e-02    3.3434942802780233e-03
    40.00     0.289    3.4430799657165209e-02    3.3278576581348522e-03
    41.00     0.296    3.4291968288463495e-02    3.2724188743882246e-03
    42.00     0.303    3.4169248946226326e-02    3.2569930000970631e-03
    43.00     0.310    3.4039506004457702e-02    3.1890439520966423e-03
    44.00     0.315    3.3921609526268590e-02    3.1595620465440328e-03
    45.00     0.324    3.3809357806133741e-02    3.1395487875069566e-03
    46.00     0.331    3.3692966534841197e-02    3.1333337535075787e-03
    47.00     0.337    3.3588815350599627e-02    3.1008477702836957e-03
    48.00     0.347    3.3486869155034620e-02    3.1179007396862795e-03
    49.00     0.354    3.3389693773861501e-02    3.1151870215579136e-03
    50.00     0.360    3.3291122756248161e-02    3.1028817692137769e-03
    51.00     0.368    3.3191895795040852e-02    3.1161219983091505e-03
    52.00     0.376    3.3097696117663451e-02    3.0779082719818570e-03
    53.00     0.382    3.3005232019083841e-02    3.0298197027677680e-03
    54.00     0.389    3.2923494132579639e-02    3.0737631205600162e-03
    55.00     0.396    3.2837063618102874e-02    3.0710543438133781e-03
    56.00     0.403    3.2750311943081395e-02    3.0348180037877005e-03
    57.00     0.409    3.2670874936534061e-02    3.0461944295098460e-03
    58.00     0.416    3.2596493943176062e-02    3.0480300551648013e-03
    59.00     0.425    3.2521121447942281e-02    3.0423456980153687e-03
    60.00     0.431    3.2446939967444056e-02    3.0300923820483407e-03
    61.00     0.441    3.2368241207032883e-02    3.0136852339987907e-03
    62.00     0.448    3.2294100417555593e-02    3.0188445116172617e-03
    63.00     0.454    3.2223649369860476e-02    2.9859769376443706e-03
    64.00     0.462    3.2151497428691937e-02    2.9900127206406316e-03
    65.00     0.470    3.2086698042742737e-02    3.0017742170275227e-03
    66.00     0.476    3.2017244424066033e-02    2.9902226019009239e-03
    67.00     0.484    3.1952478690669882e-02    2.9666549543357450e-03
    68.00     0.491    3.1885948289620651e-02    2.9248861411483775e-03
    69.00     0.497    3.1824079359305001e-02    2.9272831774280559e-03
    70.00     0.505    3.1760919779775555e-02    2.8966844401311421e-03
    71.00     0.512    3.1701083111710791e-02    2.8992844691071848e-03
    72.00     0.520    3.1641721770899911e-02    2.8782151769900645e-03
    73.00     0.527    3.1587422105374727e-02    2.8481326181326863e-03
    74.00     0.534    3.1531583476693173e-02    2.8420096491522870e-03
    75.00     0.541    3.1475530469187961e-02    2.8260982729871168e-03
    76.00     0.548    3.1421036561446951e-02    2.8351039634390432e-03
    77.00     0.555    3.1365605750947885e-02    2.8355939445477976e-03
    78.00     0.563    3.1312661475896876e-02    2.8465698510241038e-03
    79.00     0.570    3.1262349240815460e-02    2.8385523530033156e-03
    80.00     0.577    3.1212949633307861e-02    2.8330952164652375e-03
    81.00     0.585    3.1162417910812940e-02    2.8330644932761679e-03
    82.00     0.590    3.1116810093613660e-02    2.8332710175667476e-03
    83.00     0.600    3.1065530705509437e-02    2.8282246342702729e-03
    84.00     0.606    3.1013528132915441e-02    2.8088992288250120e-03
    85.00     0.612    3.0963849491401834e-02    2.8075643427410910e-03
    86.00     0.619    3.0915822091774063e-02    2.8051723827738364e-03
    87.00     0.626    3.0871311886053035e-02    2.7972410422647241e-03
    88.00     0.634    3.0829465807954808e-02    2.8026437254656126e-03
    89.00     0.640    3.0784090757934115e-02    2.7868150240417050e-03
    90.00     0.647    3.0740748235850820e-02    2.7803880592612578e-03
    91.00     0.655    3.0698993838608222e-02    2.7729558653372265e-03
    92.00     0.660    3.0655364783813432e-02    2.7600941026798961e-03
    93.00     0.668    3.0615797379203870e-02    2.7598302375621709e-03
    94.00     0.678    3.0576104766239690e-02    2.7546095744697798e-03
    95.00     0.683    3.0533243432507400e-02    2.7303397749356010e-03
    96.00     0.691    3.0491499790160102e-02    2.7372896141362305e-03
    97.00     0.700    3.0452233237955643e-02    2.7429786847755198e-03
    98.00     0.706    3.0415676001799240e-02    2.7412950538686599e-03
    99.00     0.712    3.0379462733893543e-02    2.7477202112711130e-03
   100.00     0.724    3.0338382124500983e-02    2.7308911603553115e-03
   101.00     0.730    3.0301583793922494e-02    2.7182327226268018e-03
   102.00     0.736    3.0264783436607164e-02    2.7223124764490588e-03
   103.00     0.744    3.0227856000294727e-02    2.7218168791653436e-03
   104.00     0.752    3.0190563439408916e-02    2.7193399343334004e-03
   105.00     0.758    3.0152920157968666e-02    2.7060750599887835e-03
   106.00     0.765    3.0119240813292692e-02    2.7141774161836964e-03
   107.00     0.774    3.0081709059610991e-02    2.6865931806578686e-03
   108.00     0.779    3.0050701355667477e-02    2.6934866437537241e-03
   109.00     0.787    3.0017725327233218e-02    2.6761458944867577e-03
   110.00     0.794    2.9985155320768214e-02    2.6697609213363884e-03
   111.00     0.802    2.9951052780379624e-02    2.6351425345805439e-03
   112.00     0.810    2.9918934296253120e-02    2.6342467244905581e-03
   113.00     0.817    2.9888665734369487e-02    2.6203311869388820e-03
   114.00     0.824    2.9856785010990605e-02    2.6212390756846465e-03
   115.00     0.831    2.9824512769894184e-02    2.6256808305935883e-03
   116.00     0.838    2.9795534900128772e-02    2.6294643279548410e-03
   117.00     0.845    2.9764611307662669e-02    2.6119905291434979e-03
   118.00     0.851    2.9735086709160235e-02    2.6118990511692945e-03
   119.00     0.859    2.9704994264602925e-02    2.5934564838557710e-03
   120.00     0.866    2.9675252789787051e-02    2.5885979585965188e-03
   121.00     0.872    2.9645178086523827e-02    2.5923057472907098e-03
   122.00     0.881    2.9616395012993953e-02    2.6037234308816620e-03
   123.00     0.888    2.9588083654186262e-02    2.6235198444853123e-03
   124.00     0.894    2.9560697599040078e-02    2.6235645832067330e-03
   125.00     0.903    2.9534319184597858e-02    2.6252793848737053e-03
   126.00     0.910    2.9505237058395001e-02    2.6081737339964709e-03
   127.00     0.917    2.9478868915130067e-02    2.6187415908061678e-03
   128.00     0.923    2.9451923044586333e-02    2.6140542396243388e-03
   129.00     0.929    2.9424100789065297e-02    2.6050686049915138e-03
   130.00     0.937    2.9397180919540380e-02    2.5904285259067726e-03
   131.00     0.943    2.9369562694594353e-02    2.5777957323500763e-03
   132.00     0.955    2.9344894267146853e-02    2.5768452226694050e-03
   133.00     0.961    2.9320012885419185e-02    2.5839063987682948e-03
   134.00     0.966    2.9291254722352753e-02    2.5638712009480851e-03
   135.00     0.974    2.9265559232863506e-02    2.5722890972538900e-03
   136.00     0.984    2.9241458210025342e-02    2.5708169639468885e-03
   137.00     0.989    2.9215264878444010e-02    2.5489455582221659e-03
   138.00     0.997    2.9191189962454445e-02    2.5350878559735014e-03
   139.00     1.006    2.9169688128792920e-02    2.5393123411434448e-03
   140.00     1.011    2.9144741032511683e-02    2.5370944065427762e-03
   141.00     1.018    2.9120215212088695e-02    2.5287399486011064e-03
   142.00     1.025    2.9098091304506083e-02    2.5318412561337669e-03
   143.00     1.033    2.9076245814961734e-02    2.5228058755804861e-03
   144.00     1.040    2.9052891893888599e-02    2.5115861391776313e-03
   145.00     1.046    2.9028964882447928e-02    2.5015421108508730e-03
   146.00     1.056    2.9005685156267291e-02    2.5067976209122572e-03
   147.00     1.062    2.8984054292125642e-02    2.4991848075110786e-03
   148.00     1.069    2.8962210319010522e-02    2.4899532263832087e-03
   149.00     1.076    2.8940460656081923e-02    2.4861468012310822e-03
   150.00     1.083    2.8918394296984260e-02    2.4705047242117510e-03
   151.00     1.091    2.8898546325918956e-02    2.4599431514281994e-03
   152.00     1.098    2.8875281097786809e-02    2.4756511620956864e-03
   153.00     1.103    2.8855713746163907e-02    2.4630782442361856e-03
   154.00     1.112    2.8833932694609304e-02    2.4622438519547323e-03
   155.00     1.119    2.8812373376896874e-02    2.4552533047596239e-03
   156.00     1.126    2.8789794415786683e-02    2.4531650269877985e-03
   157.00     1.134    2.8767778904452743e-02    2.4708586036300399e-03
   158.00     1.141    2.8746971447938637e-02    2.4642511378520702e-03
   159.00     1.148    2.8727531214251319e-02    2.4508627519887272e-03
   160.00     1.155    2.8708129720379710e-02    2.4476227277860736e-03
   161.00     1.161    2.8688654665381952e-02    2.4506623520050268e-03
   162.00     1.169    2.8668552411306124e-02    2.4632148755726673e-03
   163.00     1.175    2.8648567373880406e-02    2.4610214014789103e-03
   164.00     1.183    2.8628704505293479e-02    2.4498696787243136e-03
   165.00     1.189    2.8610183463574683e-02    2.4557456165706201e-03
   166.00     1.195    2.8590805166933485e-02    2.4629085685695358e-03
   167.00     1.203    2.8571255966090815e-02    2.4507155433050954e-03
   168.00     1.213    2.8551289106704941e-02    2.4478114819461248e-03
   169.00     1.218    2.8532477483116263e-02    2.4471959793333766e-03
   170.00     1.226    2.8514031566038395e-02    2.4479638104523637e-03
   171.00     1.234    2.8494242571268293e-02    2.4385298598289420e-03
   172.00     1.240    2.8476025761591483e-02    2.4319550273368224e-03
   173.00     1.247    2.8458633608938817e-02    2.4287363312533103e-03
   174.00     1.256    2.8440293364690374e-02    2.4243399163720422e-03
   175.00     1.263    2.8422808409585783e-02    2.4189661944207692e-03
   176.00     1.270    2.8405980225340979e-02    2.4120670464317538e-03
   177.00     1.280    2.8388789025201169e-02    2.4135837994899143e-03
   178.00     1.287    2.8370595491425087e-02    2.4136480514633622e-03
   179.00     1.293    2.8354638217531127e-02    2.4144177554207059e-03
   180.00     1.301    2.8336922760039168e-02    2.4097409404958258e-03
