    epoch   elapsed                       val                 norm_grad
     0.00     0.000    6.9314718059174574e-01    1.9558814998385933e-03
     4.00    26.321    6.9159907419475375e-01    1.3560753009059612e-03
     8.00    52.673    6.3597475336193909e-01    3.8345656863439364e-03
    12.00    79.065    5.3722635254258033e-01    5.7738081044052280e-04
    16.00   105.445    5.3698955513642832e-01    4.3074879102461983e-04
    20.00   131.847    5.3540621759330209e-01    4.8781209673945332e-04
    24.00   158.260    5.1803717088822321e-01    2.8457276454048314e-04
    28.00   184.627    5.1703173551995463e-01    1.8799381855128336e-04
    32.00   211.017    5.1679807583072646e-01    1.6479465558958130e-04
    36.00   237.387    5.1202831291905160e-01    2.3850504009076255e-04
    40.00   263.761    5.1048737042601744e-01    1.3020587571749081e-04
    44.00   290.141    5.1043300740849529e-01    1.1639304690550912e-04
    48.00   316.514    5.0878003730634835e-01    9.6442385708938255e-05
    52.00   342.900    5.0723650223269701e-01    1.2304692008554858e-04
    56.00   369.299    5.0720983043987022e-01    1.1752406069206439e-04
    60.00   395.661    5.0635370967976256e-01    8.3896282478148170e-05
    64.00   422.058    5.0533148966715846e-01    8.2901260925437003e-05
    68.00   448.430    5.0531953346987757e-01    7.4771980759250105e-05
    72.00   474.807    5.0485519147556401e-01    6.9593541485506413e-05
    76.00   501.179    5.0344788517520056e-01    8.8831349670788734e-05
    80.00   527.542    5.0343809991951061e-01    8.1767753007224152e-05
    84.00   553.935    5.0316841210165941e-01    6.5808804751993049e-05
    88.00   580.309    5.0187789317476050e-01    8.9761061728574248e-05
    92.00   606.673    5.0186472984517438e-01    9.0057307031077546e-05
    96.00   633.072    5.0178256168282531e-01    7.1860487887938972e-05
   100.00   659.452    5.0084264188227279e-01    6.1329446824981063e-05
   104.00   685.830    5.0076680312375221e-01    5.7788463121789958e-05
   108.00   712.195    5.0074696717901357e-01    5.6717718249779028e-05
   112.00   738.570    5.0030936299363060e-01    6.0265896401142611e-05
   116.00   764.939    5.0013917695575683e-01    5.5954899348768099e-05
   120.00   791.329    5.0013307469842871e-01    4.9146104586415876e-05
   124.00   817.701    4.9992287411476033e-01    3.6071920792916714e-05
   128.00   844.058    4.9959634833155125e-01    3.8160175333831838e-05
   132.00   870.428    4.9959419933044896e-01    3.5135749643452750e-05
   136.00   896.789    4.9951079981532459e-01    2.7086798538351608e-05
   140.00   923.159    4.9922377406184532e-01    3.2214744919250579e-05
   144.00   949.529    4.9922227955475607e-01    2.9081385913914602e-05
   148.00   975.877    4.9919935490719802e-01    2.1081326626352708e-05
   152.00  1002.248    4.9885505265939578e-01    3.8417245069993963e-05
   156.00  1028.616    4.9880196030435914e-01    3.4029572417326418e-05
   160.00  1054.996    4.9879573171942465e-01    3.0070479249157108e-05
   164.00  1081.373    4.9864432217048033e-01    2.1676754375625081e-05
   168.00  1107.766    4.9856846084435774e-01    2.1925704244237214e-05
   172.00  1134.131    4.9856693994598145e-01    1.9654221650186583e-05
   176.00  1160.498    4.9851107538813971e-01    1.5670461461005327e-05
   180.00  1186.858    4.9839448779011508e-01    2.0314486187352001e-05
   184.00  1213.242    4.9839403651572739e-01    1.9510945624644318e-05
   188.00  1239.619    4.9837774637218341e-01    1.4612389593591937e-05
   192.00  1265.991    4.9826175238127662e-01    2.1135323338390517e-05
   196.00  1292.363    4.9825863090952921e-01    1.9010084046521871e-05
   200.00  1318.743    4.9825274955289023e-01    1.5902543707393349e-05
   204.00  1345.128    4.9816222723745862e-01    1.9433354361928230e-05
   208.00  1371.492    4.9814735072233657e-01    1.9671987596879627e-05
   212.00  1397.858    4.9814501817105750e-01    1.7624448910320100e-05
   216.00  1424.250    4.9808084943834180e-01    1.3137432966481992e-05
   220.00  1450.651    4.9803516536649117e-01    1.7575052382453905e-05
   224.00  1477.020    4.9803452027674988e-01    1.6326113921663853e-05
   228.00  1503.392    4.9801015765756801e-01    1.0165400768818283e-05
   232.00  1529.761    4.9795059028918326e-01    1.8270320152902110e-05
   236.00  1556.128    4.9795034152146728e-01    1.6947174244403332e-05
   240.00  1582.514    4.9794252065258382e-01    9.6719133647087941e-06
   244.00  1608.884    4.9788180545674104e-01    1.6035286689384300e-05
   248.00  1635.257    4.9787980860458020e-01    1.2963848602146973e-05
   252.00  1661.745    4.9787757100068630e-01    1.0134157089113939e-05
   256.00  1688.293    4.9783278796289432e-01    1.1286796322171300e-05
   260.00  1714.651    4.9781907314032320e-01    1.0336999119316310e-05
   264.00  1741.027    4.9781875561426436e-01    9.3104562103228799e-06
   268.00  1767.398    4.9780624818759067e-01    5.9170082715953933e-06
   272.00  1793.758    4.9776731726317236e-01    1.1057249580202455e-05
   276.00  1820.133    4.9776717869733900e-01    1.0394495460415439e-05
   280.00  1846.496    4.9776540806641439e-01    8.3502257376857458e-06
   284.00  1872.863    4.9773207922327295e-01    8.2265836819501987e-06
   288.00  1899.236    4.9772328758709966e-01    7.9380180120576243e-06
   292.00  1925.613    4.9772311140836112e-01    7.1773835506919394e-06
   296.00  1952.007    4.9771619050453997e-01    4.1442832507058845e-06
   300.00  1978.386    4.9769502367426294e-01    7.4405436289108387e-06
   304.00  2004.759    4.9769494342330284e-01    6.8639357556295571e-06
   308.00  2031.131    4.9769366716460872e-01    5.4332311223161779e-06
   312.00  2057.500    4.9767597349888160e-01    9.5960223815109285e-06
   316.00  2083.873    4.9767369887132323e-01    7.4363851862983368e-06
   320.00  2110.250    4.9767340938135723e-01    6.1987076116298090e-06
   324.00  2136.627    4.9766334274844770e-01    4.6723063250633014e-06
   328.00  2163.004    4.9764704653801672e-01    5.5025199752372086e-06
   332.00  2189.371    4.9764701407115813e-01    5.1693843284260532e-06
   336.00  2215.752    4.9764575802535471e-01    3.5147272468216918e-06
   340.00  2242.119    4.9763372117752036e-01    4.7118181317859273e-06
   344.00  2268.516    4.9763307197702994e-01    4.7692241805211455e-06
   348.00  2294.895    4.9763289296873836e-01    4.3828302743668619e-06
   352.00  2321.260    4.9762700373706065e-01    3.2563790769205891e-06
   356.00  2347.656    4.9761938648276904e-01    4.3115370901736771e-06
   360.00  2374.023    4.9761936989471406e-01    4.1455873133891411e-06
   364.00  2400.404    4.9761865111461046e-01    3.1207482994809186e-06
   368.00  2426.793    4.9760860516560673e-01    4.7699508610001783e-06
   372.00  2453.155    4.9760728985718916e-01    4.3911432824191503e-06
   376.00  2479.527    4.9760718493362166e-01    3.9947041334709170e-06
   380.00  2505.908    4.9760362203900355e-01    2.1772222452296059e-06
   384.00  2532.274    4.9759839831289771e-01    3.7642516627880942e-06
   388.00  2558.649    4.9759838283320212e-01    3.6074468434305064e-06
   392.00  2585.023    4.9759773861981998e-01    2.5488401052852262e-06
   396.00  2611.403    4.9759239383329434e-01    3.6348101729386471e-06
   400.00  2637.775    4.9759219074725891e-01    3.1850640817919405e-06
   404.00  2664.148    4.9759211517272467e-01    2.8118426581294659e-06
   408.00  2690.544    4.9758962380451466e-01    2.2390036246763440e-06
   412.00  2716.912    4.9758637433858960e-01    2.9743453652217267e-06
   416.00  2743.305    4.9758636571212200e-01    2.8831940238497509e-06
   420.00  2769.700    4.9758599231807010e-01    2.1080222963151381e-06
   424.00  2796.077    4.9758151915251864e-01    2.8315466781682771e-06
   428.00  2822.461    4.9758111071501643e-01    2.4207948173099746e-06
   432.00  2848.856    4.9758106763062626e-01    2.3283468296796098e-06
   436.00  2875.226    4.9757955037367757e-01    1.1956465018021254e-06
   440.00  2901.604    4.9757695356285181e-01    2.0802737756782676e-06
   444.00  2927.970    4.9757694815388198e-01    1.9957853666284274e-06
   448.00  2954.351    4.9757674015149783e-01    1.5616033356297979e-06
   452.00  2980.717    4.9757361931996746e-01    2.0004541518118683e-06
   456.00  3007.091    4.9757313743403436e-01    2.5888625615650886e-06
   460.00  3033.504    4.9757311729209303e-01    2.4085919287557699e-06
   464.00  3059.912    4.9757235159398433e-01    1.1588301573374626e-06
   468.00  3086.286    4.9757043076149543e-01    1.8441240322105849e-06
   472.00  3112.651    4.9757042660030104e-01    1.7048941992083095e-06
   476.00  3139.019    4.9757035099100005e-01    1.2455988860875370e-06
   480.00  3165.405    4.9756866512622050e-01    1.2204715741093134e-06
   484.00  3191.769    4.9756798897769600e-01    1.5855332407999608e-06
   488.00  3218.174    4.9756798183669476e-01    1.5114915606956289e-06
   492.00  3244.694    4.9756768743127511e-01    1.1006689761556866e-06
   496.00  3271.246    4.9756640313290029e-01    1.6250903320944164e-06
   500.00  3297.661    4.9756639348257525e-01    1.6105947359815906e-06
   504.00  3324.201    4.9756635495311330e-01    1.4613149695985604e-06
   508.00  3350.758    4.9756539262900901e-01    1.0709266190202143e-06
   512.00  3377.195    4.9756487180962850e-01    1.1524693445705518e-06
   516.00  3403.628    4.9756486807120270e-01    1.0779412292709868e-06
   520.00  3430.059    4.9756470917192602e-01    7.4802437948765942e-07
   524.00  3456.448    4.9756377384495593e-01    1.2508649459562639e-06
   528.00  3482.855    4.9756375886194876e-01    1.0897584972601128e-06
   532.00  3509.254    4.9756374148764870e-01    9.0785936490822388e-07
   536.00  3535.627    4.9756321968270623e-01    7.6748595747302348e-07
   540.00  3562.024    4.9756273062001038e-01    7.2121624482134353e-07
   544.00  3588.394    4.9756272969435245e-01    7.0928944460970338e-07
   548.00  3614.783    4.9756268825149408e-01    6.2435218864078296e-07
   552.00  3641.161    4.9756203373452673e-01    8.0182521792412215e-07
   556.00  3667.542    4.9756191983585957e-01    7.3958391416611541e-07
   560.00  3693.939    4.9756191690240370e-01    6.7891222206464073e-07
   564.00  3720.315    4.9756179920418869e-01    4.5046101997567090e-07
   568.00  3746.737    4.9756138310542253e-01    8.2129582300014385e-07
   572.00  3773.133    4.9756138130442312e-01    8.0212110463524551e-07
   576.00  3799.507    4.9756136993422823e-01    7.2378713749660482e-07
   580.00  3825.896    4.9756108352746076e-01    5.7091119132179983e-07
   584.00  3852.278    4.9756092483847048e-01    6.9501157445711866e-07
   588.00  3878.654    4.9756092345423036e-01    6.4620191990075551e-07
   592.00  3905.055    4.9756086474666550e-01    5.1638157938833351e-07
   596.00  3931.452    4.9756052741359674e-01    6.3987737182277178e-07
   600.00  3957.847    4.9756052238263793e-01    5.6082592038178040e-07
   604.00  3984.218    4.9756051788025307e-01    4.7979982318980117e-07
   608.00  4010.593    4.9756036785028546e-01    3.6828875030434210e-07
   612.00  4036.988    4.9756016386590385e-01    5.0156376371281692e-07
   616.00  4063.387    4.9756016354488641e-01    4.8388415889991201e-07
   620.00  4089.771    4.9756015008895726e-01    3.6897945646450641e-07
   624.00  4116.154    4.9755994580412161e-01    5.2318016185895023e-07
   628.00  4142.553    4.9755991338791283e-01    5.4828853924962520e-07
   632.00  4168.945    4.9755991233338920e-01    5.2029113917689432e-07
   636.00  4195.348    4.9755986977649330e-01    2.4540554897450836e-07
   640.00  4221.729    4.9755971288061795e-01    4.0257751529455548e-07
   644.00  4248.108    4.9755971215175188e-01    3.7737235537144842e-07
   648.00  4274.489    4.9755970896518370e-01    3.3228500465165082e-07
   652.00  4300.883    4.9755961937813414e-01    2.7286867627820484e-07
   656.00  4327.256    4.9755955123907430e-01    3.4189244645374579e-07
   660.00  4353.648    4.9755955103909272e-01    3.2605813635697898e-07
   664.00  4380.023    4.9755954218368031e-01    2.0757689530498572e-07
   668.00  4406.413    4.9755944571394956e-01    3.0267423365474794e-07
   672.00  4432.804    4.9755943867610158e-01    2.9844407159901743e-07
   676.00  4459.186    4.9755943787615703e-01    2.7576645631414022e-07
   680.00  4485.605    4.9755940749206073e-01    1.3761221878098838e-07
   684.00  4511.989    4.9755933171911071e-01    3.0731187266807615e-07
   688.00  4538.373    4.9755933157517646e-01    2.9499776250129979e-07
   692.00  4564.769    4.9755932941591902e-01    2.5053520547546166e-07
   696.00  4591.167    4.9755927074010259e-01    2.2100384497869654e-07
   700.00  4617.551    4.9755923042775246e-01    2.3133416944296951e-07
   704.00  4643.914    4.9755923035866706e-01    2.2696746966785790e-07
   708.00  4670.300    4.9755922723336399e-01    1.8584333976857966e-07
   712.00  4696.685    4.9755917418290552e-01    2.0976628311448621e-07
   716.00  4723.087    4.9755916324737831e-01    2.0763357773566343e-07
   720.00  4749.490    4.9755916310751852e-01    1.9849526143305338e-07
   724.00  4775.880    4.9755915712001891e-01    1.2069705180774905e-07
   728.00  4802.286    4.9755911944862025e-01    1.7224433506683933e-07
   732.00  4828.681    4.9755911874263814e-01    1.7574458114356775e-07
   736.00  4855.069    4.9755911847131895e-01    1.6522151025922492e-07
   740.00  4881.492    4.9755910824276672e-01    7.8101923275240688e-08
   744.00  4907.895    4.9755908374140850e-01    1.8156462209483739e-07
   748.00  4934.283    4.9755908370208646e-01    1.7262808781637861e-07
   752.00  4960.682    4.9755908316194364e-01    1.4672217476933639e-07
   756.00  4987.062    4.9755906874604910e-01    8.7191130701639952e-08
   760.00  5013.467    4.9755905934938233e-01    1.1152973931189479e-07
   764.00  5039.869    4.9755905932564137e-01    1.0699503596822360e-07
   768.00  5066.274    4.9755905825568608e-01    7.0994221544327606e-08
   772.00  5092.675    4.9755904141023599e-01    1.2370929037938490e-07
   776.00  5119.076    4.9755903850113703e-01    1.3008655352902550e-07
   780.00  5145.473    4.9755903845040783e-01    1.2278442472138403e-07
   784.00  5171.901    4.9755903631499343e-01    7.9164725964637612e-08
   788.00  5198.292    4.9755902515987155e-01    1.2830089494610739e-07
   792.00  5224.690    4.9755902503032712e-01    1.1625394648803822e-07
   796.00  5251.087    4.9755902486799969e-01    1.0186113355085853e-07
   800.00  5277.477    4.9755901999387742e-01    9.1903445649853311e-08
   804.00  5303.867    4.9755901542823827e-01    1.0571144093667793e-07
   808.00  5330.249    4.9755901541678227e-01    1.0278395764943374e-07
   812.00  5356.687    4.9755901491100313e-01    8.2376319299698351e-08
   816.00  5383.116    4.9755900839128814e-01    7.2992559032764279e-08
   820.00  5409.522    4.9755900768563466e-01    6.4764104895799827e-08
   824.00  5435.937    4.9755900765858790e-01    6.0986410086288483e-08
   828.00  5462.347    4.9755900651685375e-01    4.4641822883340167e-08
   832.00  5488.774    4.9755900028584943e-01    6.2103156569596008e-08
   836.00  5515.208    4.9755900020563193e-01    5.4642960581108286e-08
   840.00  5541.621    4.9755900015680909e-01    5.0201475423903055e-08
   844.00  5568.029    4.9755899841212531e-01    2.1740618503916629e-08
   848.00  5594.430    4.9755899521141572e-01    4.5254168287555606e-08
   852.00  5620.839    4.9755899520801466e-01    4.4476333871801644e-08
   856.00  5647.240    4.9755899511932244e-01    3.9936840554365750e-08
   860.00  5673.667    4.9755899289251471e-01    3.3121461770492589e-08
   864.00  5700.083    4.9755899166952172e-01    4.8749876234829174e-08
   868.00  5726.501    4.9755899166439138e-01    4.7061059592649765e-08
   872.00  5752.923    4.9755899143662508e-01    3.3144739750008449e-08
   876.00  5779.331    4.9755898924134478e-01    4.3667881410236012e-08
   880.00  5805.736    4.9755898912173352e-01    4.0124950556610682e-08
   884.00  5832.148    4.9755898910646240e-01    3.6803802811811874e-08
   888.00  5858.574    4.9755898850182834e-01    2.5249893646042908e-08
   892.00  5884.994    4.9755898651986918e-01    2.8600145314897337e-08
   896.00  5911.415    4.9755898651361247e-01    2.7968053261673925e-08
   900.00  5937.835    4.9755898649301156e-01    2.5826428531544594e-08
   904.00  5964.244    4.9755898582591962e-01    1.9959210201118624e-08
   908.00  5990.742    4.9755898501547802e-01    3.0080115854503469e-08
   912.00  6017.183    4.9755898501416590e-01    2.9086975789916605e-08
   916.00  6043.615    4.9755898495747181e-01    2.4583906462326259e-08
   920.00  6070.029    4.9755898399079246e-01    3.1327574630772192e-08
   924.00  6096.458    4.9755898378934321e-01    2.9471503875273831e-08
   928.00  6122.873    4.9755898378676439e-01    2.8115306827803641e-08
   932.00  6149.294    4.9755898367412765e-01    1.8558457680310489e-08
   936.00  6175.706    4.9755898274238958e-01    2.7560755409052965e-08
   940.00  6202.120    4.9755898270747750e-01    2.3622923239504824e-08
   944.00  6228.545    4.9755898270328480e-01    2.1660748763255946e-08
   948.00  6254.955    4.9755898253738540e-01    1.1535986129182378e-08
   952.00  6281.365    4.9755898195351089e-01    2.2599152200309632e-08
   956.00  6307.785    4.9755898195122050e-01    2.1559821019946542e-08
   960.00  6334.210    4.9755898194308212e-01    1.9425093504329608e-08
   964.00  6360.625    4.9755898168548957e-01    1.0039556200866061e-08
   968.00  6387.032    4.9755898139617849e-01    1.8143563508025199e-08
   972.00  6413.441    4.9755898139581978e-01    1.7824840998578647e-08
   976.00  6439.867    4.9755898138056098e-01    1.5360020956697370e-08
   980.00  6466.299    4.9755898107706331e-01    1.5372456503806224e-08
   984.00  6492.724    4.9755898098636908e-01    1.3155371292170605e-08
   988.00  6519.169    4.9755898098582430e-01    1.2829157161892245e-08
   992.00  6545.736    4.9755898096107748e-01    9.8177996430224954e-09
   996.00  6572.220    4.9755898069517629e-01    1.2333201759174372e-08
  1000.00  6598.629    4.9755898067642118e-01    1.1541826847099137e-08
  1004.00  6625.053    4.9755898067536064e-01    1.0640007145474329e-08
  1008.00  6651.451    4.9755898063305254e-01    5.2127426252323132e-09
  1012.00  6677.873    4.9755898043585400e-01    1.0153015969962786e-08
  1016.00  6704.303    4.9755898043423852e-01    9.2116600926195331e-09
  1020.00  6730.711    4.9755898043253360e-01    8.5056988507850119e-09
  1024.00  6757.133    4.9755898037455687e-01    4.3783476919759721e-09
  1028.00  6783.583    4.9755898028796092e-01    7.6472832442316104e-09
  1032.00  6810.031    4.9755898028790591e-01    7.5531045836698319e-09
  1036.00  6836.483    4.9755898028503931e-01    6.7743505797230115e-09
  1040.00  6862.911    4.9755898021907691e-01    5.2551218226124764e-09
  1044.00  6889.363    4.9755898019042938e-01    6.3909248839563407e-09
  1048.00  6915.807    4.9755898019033296e-01    6.1134739225547143e-09
  1052.00  6942.248    4.9755898018481792e-01    4.5121509157326091e-09
  1056.00  6968.702    4.9755898011471705e-01    6.4407000205258267e-09
  1060.00  6995.142    4.9755898010733435e-01    5.3168579588959610e-09
  1064.00  7021.603    4.9755898010715816e-01    5.0609832098553634e-09
  1068.00  7048.077    4.9755898010096206e-01    2.9502025169437857e-09
  1072.00  7074.519    4.9755898005392946e-01    5.8405854505052289e-09
  1076.00  7100.969    4.9755898005256982e-01    5.2574635765048687e-09
  1080.00  7127.411    4.9755898005241395e-01    4.8920805841443614e-09
  1084.00  7153.853    4.9755898004530941e-01    2.2722464655104359e-09
  1088.00  7180.297    4.9755898001191506e-01    5.1939400593453062e-09
  1092.00  7206.747    4.9755898001162568e-01    4.9537104446001951e-09
  1096.00  7233.203    4.9755898001129290e-01    4.6231552093835345e-09
  1100.00  7259.651    4.9755897999999626e-01    1.9774572253335629e-09
  1104.00  7286.083    4.9755897997837256e-01    3.9223658763588963e-09
  1108.00  7312.540    4.9755897997831244e-01    3.7779314233247103e-09
  1112.00  7338.992    4.9755897997791765e-01    3.1778464284170102e-09
  1116.00  7365.442    4.9755897996635540e-01    2.0355674988954147e-09
  1120.00  7391.876    4.9755897995899073e-01    3.2119824633744330e-09
  1124.00  7418.333    4.9755897995894005e-01    3.1417612146564618e-09
  1128.00  7444.776    4.9755897995842047e-01    2.5756391008804297e-09
  1132.00  7471.227    4.9755897994595455e-01    2.1991808746627880e-09
  1136.00  7497.706    4.9755897994068993e-01    2.1749237839115655e-09
  1140.00  7524.142    4.9755897994065118e-01    2.1486884465071793e-09
  1144.00  7550.578    4.9755897994002402e-01    1.8589597057871068e-09
  1148.00  7577.047    4.9755897993153325e-01    2.2553252528953750e-09
  1152.00  7603.490    4.9755897993029891e-01    2.4040575487667801e-09
  1156.00  7629.951    4.9755897993031173e-01    2.3130351423929322e-09
  1160.00  7656.391    4.9755897992949061e-01    1.5882437749032565e-09
  1164.00  7682.821    4.9755897992294579e-01    1.8353143016603191e-09
  1168.00  7709.290    4.9755897992269454e-01    1.5314798591576476e-09
  1172.00  7735.724    4.9755897992264048e-01    1.4152364655478356e-09
  1176.00  7762.171    4.9755897992168013e-01    8.0999465648451806e-10
