    epoch   elapsed                       val                 norm_grad
     0.00     0.000    6.9314718059174574e-01    1.9558814998385933e-03
     8.00    52.448    6.9112339655676758e-01    1.4226923278766799e-03
    12.00    78.718    6.3347512095362446e-01    3.5196922618899646e-03
    16.00   105.021    5.2618246205069275e-01    4.9414214387445601e-04
    20.00   131.291    5.1751171182411548e-01    1.9809444335406947e-04
    24.00   157.578    5.1085820459970810e-01    2.8753279616283619e-04
    32.00   210.146    5.0955023578022385e-01    1.3063505452379917e-04
    40.00   262.773    5.0731423944779030e-01    1.6370435645176400e-04
    44.00   289.111    5.0511656026609819e-01    9.1859681823868946e-05
    52.00   341.780    5.0371090858668455e-01    1.2461052978704286e-04
    60.00   394.408    5.0207666930272843e-01    8.5527590773766139e-05
    76.00   499.698    5.0049909588626162e-01    5.8785622378852557e-05
    80.00   526.014    5.0007777450509183e-01    7.3929664020601067e-05
    84.00   552.352    4.9969703608478960e-01    5.1167264483386262e-05
    88.00   578.682    4.9952508785457700e-01    7.5111756080226998e-05
    96.00   631.354    4.9929224177652770e-01    8.0644657270936037e-05
   100.00   657.682    4.9894877664017817e-01    4.3551678745212538e-05
   108.00   710.432    4.9888052683708234e-01    3.6544467928071176e-05
   116.00   763.193    4.9867453923275451e-01    3.4911075256140897e-05
   120.00   789.574    4.9858441551095783e-01    2.9530473513814801e-05
   128.00   842.237    4.9850494945994711e-01    5.6936956715172916e-05
   132.00   868.572    4.9843733937146889e-01    2.4791418650477146e-05
   136.00   894.894    4.9824441757197424e-01    1.8263344464844169e-05
   140.00   921.212    4.9816763474133152e-01    1.8372346850401302e-05
   148.00   973.897    4.9815874944938682e-01    2.8885836083317992e-05
   152.00  1000.240    4.9811486335378863e-01    2.2759666836235790e-05
   156.00  1026.588    4.9801332321867803e-01    1.9689436883894598e-05
   164.00  1079.279    4.9796600703597510e-01    1.7038268205399505e-05
   168.00  1105.617    4.9793170039396983e-01    1.2152309608172363e-05
   172.00  1131.926    4.9790732002387555e-01    1.9281932792925086e-05
   176.00  1158.251    4.9789592466882682e-01    1.2337779612755294e-05
   184.00  1210.968    4.9786404221028263e-01    1.4061677162645693e-05
   192.00  1263.752    4.9780909609987917e-01    2.0406247087460509e-05
   196.00  1290.207    4.9778416792522684e-01    1.6211998634864900e-05
   204.00  1343.168    4.9776236427183362e-01    1.2491302332199260e-05
   208.00  1369.612    4.9773209495019016e-01    1.2113072964154679e-05
   212.00  1396.072    4.9772078683089088e-01    1.1473721384961276e-05
   216.00  1422.529    4.9771783937524589e-01    1.7842967767204478e-05
   220.00  1449.026    4.9769620288573962e-01    1.0076586426982015e-05
   224.00  1475.471    4.9769300403845629e-01    1.5868135238112214e-05
   232.00  1528.464    4.9767631968517578e-01    7.7096486530726119e-06
   240.00  1581.288    4.9767160888102990e-01    1.9282373910313233e-05
   244.00  1607.658    4.9766707762610352e-01    1.1902147521076669e-05
   256.00  1686.732    4.9765667607811476e-01    7.0808734054882825e-06
   264.00  1739.560    4.9765602905976591e-01    9.9108589099709972e-06
   268.00  1765.924    4.9765166089826790e-01    7.8022219818546415e-06
   272.00  1792.328    4.9764720975759891e-01    1.2402313774522308e-05
   276.00  1818.693    4.9764484032653089e-01    7.0375330415289956e-06
   280.00  1845.064    4.9764168158948258e-01    1.4083178638600588e-05
   296.00  1950.587    4.9763617917535902e-01    1.1009107302013052e-05
   300.00  1976.948    4.9762647868523519e-01    1.1204324143110073e-05
   304.00  2003.357    4.9762408226912541e-01    5.3844448942811574e-06
   308.00  2029.742    4.9762054766537539e-01    6.1671721847241123e-06
   316.00  2082.479    4.9761614187238357e-01    7.5136447802220223e-06
   324.00  2135.238    4.9761530961275863e-01    1.0915238047243345e-05
   328.00  2161.622    4.9761433320371140e-01    4.7648920491512548e-06
   336.00  2214.411    4.9761060656711315e-01    6.2530259225494600e-06
   340.00  2240.815    4.9760938481617678e-01    1.0945405293473463e-05
   344.00  2267.181    4.9760546748808232e-01    8.5502808775493374e-06
   348.00  2293.535    4.9760019503719016e-01    4.3671310490008169e-06
   352.00  2319.924    4.9759684706700513e-01    6.7181094881811031e-06
   356.00  2346.314    4.9759540214703180e-01    2.8642678319009912e-06
   364.00  2399.049    4.9759419684235762e-01    6.5920742274075132e-06
   368.00  2425.461    4.9759246074668323e-01    5.6551522467067451e-06
   372.00  2451.880    4.9759118226653432e-01    6.9485648488500469e-06
   376.00  2478.248    4.9758878176380333e-01    6.6474093438408646e-06
   380.00  2504.622    4.9758579492494337e-01    7.3547832918232677e-06
   384.00  2530.979    4.9758465008759467e-01    4.2886297432125891e-06
   388.00  2557.385    4.9758410451145613e-01    4.2640934138151457e-06
   392.00  2583.736    4.9758258715049236e-01    4.0781937595438723e-06
   404.00  2662.872    4.9758125169729517e-01    7.8871107946741275e-06
   408.00  2689.237    4.9758067413427415e-01    2.4891945406949193e-06
   412.00  2715.648    4.9757922941288113e-01    2.7028344595410571e-06
   416.00  2742.029    4.9757890910105546e-01    4.1156098324411450e-06
   424.00  2794.752    4.9757763386684134e-01    3.3401311345192203e-06
   428.00  2821.110    4.9757690229352397e-01    5.8210677592576739e-06
   436.00  2873.816    4.9757558075900898e-01    2.1524529365635061e-06
   444.00  2926.505    4.9757490926415465e-01    2.5561867990271036e-06
   448.00  2952.830    4.9757432315389932e-01    2.6956584580348081e-06
   456.00  3005.475    4.9757418001839399e-01    2.5889060505379867e-06
   468.00  3084.447    4.9757311571543067e-01    2.8423845810052651e-06
   480.00  3163.472    4.9757179289397474e-01    2.4084617306982442e-06
   488.00  3216.112    4.9757046016494982e-01    4.5113703734982126e-06
   492.00  3242.431    4.9756962545821998e-01    5.1337068890830825e-06
   496.00  3268.737    4.9756908094285629e-01    2.4532257348835079e-06
   504.00  3321.580    4.9756832651378918e-01    2.6067052174357270e-06
   508.00  3348.020    4.9756812796743305e-01    5.0991574404097166e-06
   512.00  3374.445    4.9756752409995925e-01    2.4831715979475719e-06
   524.00  3453.703    4.9756676658445176e-01    2.0329459762938641e-06
   532.00  3506.603    4.9756655590883214e-01    3.6500956206554229e-06
   536.00  3533.038    4.9756628630706928e-01    1.7521408117243261e-06
   540.00  3559.485    4.9756601313658050e-01    1.3000661467219252e-06
   544.00  3585.953    4.9756567308256622e-01    1.9063663299300502e-06
   548.00  3612.371    4.9756542317390046e-01    1.8805033671223965e-06
   556.00  3665.306    4.9756494668840073e-01    1.7060391665751168e-06
   560.00  3691.765    4.9756445596960908e-01    3.3233205296033253e-06
   564.00  3718.262    4.9756432767003606e-01    2.9874024428728655e-06
   568.00  3744.707    4.9756426758281236e-01    3.0342186652039121e-06
   572.00  3771.144    4.9756408282576514e-01    2.7476553425328078e-06
   576.00  3797.581    4.9756406565888406e-01    2.6493613592503581e-06
   580.00  3824.013    4.9756403735009258e-01    3.1411433328900545e-06
   588.00  3876.923    4.9756370771904845e-01    1.6606710107612928e-06
   596.00  3929.783    4.9756328555040669e-01    1.7750013216591498e-06
   600.00  3956.223    4.9756285003301859e-01    2.9053628340227930e-06
   608.00  4009.155    4.9756253837140912e-01    1.8028528363907138e-06
   612.00  4035.602    4.9756245792060311e-01    1.5878689927838435e-06
   620.00  4088.534    4.9756234084261419e-01    1.3870691285467501e-06
   632.00  4167.842    4.9756203330936422e-01    1.9325810598078250e-06
   640.00  4220.782    4.9756158849998988e-01    1.2103958862459737e-06
   656.00  4326.652    4.9756143350263782e-01    8.8764369029909090e-07
   660.00  4353.114    4.9756139822427881e-01    2.9018132742585619e-06
   664.00  4379.560    4.9756127623971319e-01    1.2140862839060672e-06
   676.00  4458.949    4.9756120878019960e-01    1.1037667354105400e-06
   688.00  4538.325    4.9756529616992951e-01    5.9901121468356398e-06
   692.00  4564.822    4.9756092397098900e-01    5.3786008471856241e-07
   696.00  4591.308    4.9756082994399792e-01    6.4578096489370997e-07
   700.00  4617.776    4.9756067536001009e-01    9.7132416091378136e-07
   704.00  4644.221    4.9756043476772438e-01    8.7974681821762651e-07
   708.00  4670.677    4.9756038199740443e-01    1.7849647371134861e-06
   712.00  4697.143    4.9756032345511475e-01    2.4461561810429413e-06
   716.00  4723.595    4.9756021767806841e-01    1.3724439473882855e-06
   720.00  4750.057    4.9756007168346134e-01    1.3622255325588517e-06
   724.00  4776.499    4.9756000223408881e-01    1.1699889775268900e-06
   728.00  4802.965    4.9755995983964224e-01    7.7909728187881952e-07
   732.00  4829.407    4.9757518442998061e-01    3.9297111093055457e-05
   736.00  4855.851    4.9755989217635549e-01    5.2249740481356369e-07
   740.00  4882.317    4.9755985214937876e-01    4.6653568784396877e-07
   744.00  4908.767    4.9755980562173663e-01    7.9654238502951130e-07
   748.00  4935.235    4.9755977955378111e-01    9.4568259515109244e-07
   752.00  4961.690    4.9755976155219422e-01    6.6906456377593074e-07
   756.00  4988.163    4.9755970314505582e-01    8.5863913427501169e-07
   760.00  5014.604    4.9755967711111748e-01    9.0736329891416904e-07
   764.00  5041.050    4.9755958525356253e-01    8.6659694483250021e-07
   768.00  5067.535    4.9755956102953075e-01    1.1212430536460428e-06
   776.00  5120.495    4.9755948565298652e-01    5.7196526836910815e-07
   780.00  5146.932    4.9755945599875856e-01    7.2361801590217306e-07
   784.00  5173.386    4.9755944372787375e-01    1.7165554724921986e-06
   788.00  5199.914    4.9755937802712386e-01    1.3453570873317131e-06
   796.00  5252.813    4.9755935830581738e-01    7.8555785692633149e-07
   800.00  5279.265    4.9755934247774702e-01    5.6177022048287743e-07
   804.00  5305.703    4.9755933713540101e-01    7.6286955859932985e-07
   808.00  5332.154    4.9755932299244282e-01    7.1823196202674450e-07
   812.00  5358.630    4.9755930960230860e-01    3.5580519710640148e-07
   816.00  5385.091    4.9755928750834827e-01    6.0442212185059554e-07
   820.00  5411.556    4.9755927891036661e-01    4.2794992105889557e-07
   824.00  5438.012    4.9755926852127713e-01    4.4673633056165385e-07
   828.00  5464.454    4.9755926607612100e-01    3.4914405250972759e-07
   832.00  5490.907    4.9755925979743509e-01    2.9584458378230124e-07
   836.00  5517.388    4.9755925495194725e-01    5.6420690063073077e-07
   840.00  5543.838    4.9755924417949426e-01    3.3480818101487282e-07
   844.00  5570.322    4.9755923901626925e-01    5.9624699320608196e-07
   848.00  5596.779    4.9755921806576248e-01    3.8299306234045611e-07
   852.00  5623.252    4.9755920718309915e-01    5.5749916423012815e-07
   856.00  5649.727    4.9755919665142900e-01    5.6827655984309013e-07
   860.00  5676.174    4.9755917671451061e-01    6.2166056517237026e-07
   864.00  5702.637    4.9755916332225181e-01    3.3807439587209439e-07
   868.00  5729.105    4.9755916111877552e-01    4.4139626040432007e-07
   872.00  5755.555    4.9755917427646884e-01    8.3740160643124811e-07
   876.00  5782.078    4.9755914321390177e-01    3.9130702419400165e-07
   880.00  5808.571    4.9755913813165581e-01    2.7106439866653622e-07
   884.00  5835.039    4.9755913129904311e-01    2.5093603041101347e-07
   888.00  5861.484    4.9755911190414065e-01    2.1981226440326764e-07
   892.00  5888.236    4.9755911062367941e-01    8.6157719700614555e-07
   896.00  5915.061    4.9755908938552795e-01    3.8554171324490318e-07
   900.00  5941.589    4.9755909789020392e-01    2.2595375390556611e-06
   904.00  5968.072    4.9755932903086642e-01    3.3273417439207301e-06
   908.00  5994.940    4.9755905925640342e-01    2.4511227078844456e-07
   912.00  6021.562    4.9755904718600652e-01    3.2760737956124311e-07
   916.00  6048.022    4.9755904545705437e-01    1.8732159923203196e-07
   920.00  6074.764    4.9755904235909371e-01    3.0973451705328825e-07
   924.00  6101.208    4.9755903659799067e-01    1.7894215815925080e-07
   928.00  6128.035    4.9755903596046092e-01    2.0875346025560613e-07
   932.00  6154.815    4.9755903329691042e-01    2.2756917154517447e-07
   936.00  6181.486    4.9755902533470941e-01    2.2260407318198598e-07
   940.00  6208.210    4.9755902441459743e-01    7.9103858191406534e-07
   944.00  6235.031    4.9755901788625756e-01    2.1482029945082290e-07
   948.00  6261.606    4.9755901435587885e-01    1.5600060650404966e-07
   952.00  6288.079    4.9755901353204229e-01    1.1873596186305513e-07
   956.00  6314.790    4.9755901032133110e-01    1.1102453363321158e-07
   960.00  6341.245    4.9755900943779374e-01    2.8162818034807721e-07
   964.00  6368.031    4.9755900684852283e-01    1.4698619619859221e-07
   968.00  6394.790    4.9755900614820098e-01    1.0076309504431508e-07
   972.00  6421.280    4.9755900462497482e-01    1.6004659651662868e-07
   976.00  6447.829    4.9755900424199312e-01    1.1505672796010090e-07
   980.00  6474.466    4.9755900344612930e-01    1.3717844288802942e-07
   984.00  6501.202    4.9755900049104601e-01    1.1475621661851356e-07
   988.00  6527.994    4.9755901897193422e-01    1.4837394883672980e-06
   992.00  6554.465    4.9755899841543594e-01    1.5279148239229003e-07
   996.00  6580.917    4.9755899653445290e-01    7.9590663421940208e-08
  1000.00  6607.391    4.9755899629076289e-01    8.0494553573702086e-08
  1004.00  6633.832    4.9755899593916669e-01    7.5487249228509765e-08
  1008.00  6660.310    4.9755899477938609e-01    9.2288069985708623e-08
  1012.00  6686.798    4.9755899472384990e-01    5.8568659918933849e-08
  1016.00  6713.246    4.9755899334354081e-01    1.1115559756373882e-07
  1020.00  6739.719    4.9755899237618911e-01    6.9364375188713364e-08
  1024.00  6766.164    4.9755899188856334e-01    1.6044995340328427e-07
  1028.00  6792.609    4.9755899120261493e-01    5.9290594695867405e-08
  1032.00  6819.437    4.9755899038278634e-01    1.0426082753548321e-07
  1036.00  6846.173    4.9755898931848225e-01    5.3497251562335357e-08
  1040.00  6872.822    4.9755898913223889e-01    1.0557035658484965e-07
  1044.00  6899.299    4.9755898872521925e-01    7.8282688526193007e-08
  1048.00  6925.909    4.9755898809205612e-01    4.6679846320454285e-08
  1052.00  6952.626    4.9755898791733383e-01    4.2168206921502883e-08
  1056.00  6979.321    4.9755898785019725e-01    6.4050129337152133e-08
  1060.00  7005.789    4.9755898772633517e-01    7.8658635419192757e-08
  1064.00  7032.448    4.9755898762057821e-01    7.0023010486038412e-08
  1068.00  7059.208    4.9756261148924852e-01    1.9828951572628301e-05
  1072.00  7085.808    4.9755900653823432e-01    8.8345746788969013e-07
  1076.00  7112.318    4.9755898662751447e-01    1.4366273581567602e-07
  1080.00  7139.038    4.9755898589779635e-01    6.4414299680756631e-08
  1084.00  7165.738    4.9755898543924293e-01    7.1905395524147837e-08
  1088.00  7192.185    4.9755898471146276e-01    5.9555304378376497e-08
  1092.00  7218.901    4.9755898464191084e-01    4.9167577526015277e-08
  1096.00  7245.341    4.9755898397653225e-01    6.2263603941458721e-08
  1100.00  7272.005    4.9755898359861045e-01    3.8530360092360311e-08
  1104.00  7298.800    4.9755902799309015e-01    1.6252872130994161e-06
  1108.00  7325.548    4.9755898341557170e-01    3.4193704334783691e-08
  1112.00  7352.233    4.9755898324268083e-01    3.1388442089443799e-08
  1116.00  7378.698    4.9755898314173685e-01    7.4167170407245010e-08
  1120.00  7405.278    4.9755898295206430e-01    2.9079893393591020e-08
  1124.00  7431.979    4.9755898294384859e-01    3.3952689400944127e-08
  1128.00  7458.448    4.9755898285634398e-01    6.6815876606431287e-08
  1132.00  7484.904    4.9755901121200302e-01    2.2527310714509449e-06
  1136.00  7511.381    4.9755898257149589e-01    7.6957590463262676e-08
  1140.00  7537.862    4.9755898241254426e-01    4.0702154733095653e-08
  1144.00  7564.367    4.9755898231029827e-01    2.5194299073553224e-08
  1148.00  7590.830    4.9755898229145085e-01    1.9490951020279961e-08
  1152.00  7617.283    4.9755898223998940e-01    5.3097346483529684e-08
  1156.00  7643.753    4.9755898215161493e-01    3.0784637927765511e-08
  1160.00  7670.240    4.9755898211436050e-01    2.4754903674662223e-08
  1164.00  7696.723    4.9755898203082077e-01    2.0553694311361729e-08
  1168.00  7723.180    4.9755898199619919e-01    2.4670079902403217e-08
  1172.00  7749.694    4.9755898190791764e-01    4.0085087340230320e-08
  1176.00  7776.131    4.9755898187752112e-01    4.0577622766652710e-08
  1180.00  7802.622    4.9755898181500297e-01    5.0412345749808887e-08
  1184.00  7829.100    4.9755898174040192e-01    2.6226343040116340e-08
  1188.00  7855.543    4.9755898166051465e-01    4.0465409503996290e-08
  1192.00  7882.245    4.9755898162500894e-01    4.0269474332384490e-08
  1196.00  7909.085    4.9755898152635064e-01    3.9995813718720419e-08
  1200.00  7935.895    4.9755898131320120e-01    3.3316301038913235e-08
  1204.00  7962.755    4.9755898125356607e-01    4.4454592001130881e-08
  1208.00  7989.419    4.9755898114865893e-01    3.7391514279681788e-08
  1212.00  8015.872    4.9755898224343059e-01    4.4935401439289257e-07
  1216.00  8042.482    4.9755898136502164e-01    1.2825919329540570e-07
  1220.00  8069.296    4.9755898076733318e-01    2.5267266884069724e-08
  1224.00  8095.997    4.9755898075614174e-01    2.9553704077501489e-08
  1228.00  8122.499    4.9755898064076776e-01    1.8274528775369756e-08
  1232.00  8149.132    4.9755898061659337e-01    3.0088320650890015e-08
  1236.00  8175.931    4.9755898056853592e-01    1.9318865627427059e-08
  1240.00  8202.691    4.9755898051574943e-01    2.4667362503367892e-08
  1244.00  8229.191    4.9755898047380959e-01    1.4391354444833964e-08
  1248.00  8255.798    4.9755898039082508e-01    1.9232256816372762e-08
  1252.00  8282.569    4.9755898034957213e-01    2.0418211043750247e-08
  1256.00  8309.199    4.9755898033153512e-01    1.8937851292997295e-08
  1260.00  8335.691    4.9755898031881479e-01    1.7032405784570279e-08
  1264.00  8362.337    4.9755898030101631e-01    1.8643436512275081e-08
  1268.00  8389.127    4.9755898027868778e-01    1.4653404200450455e-08
  1272.00  8416.774    4.9755898025396467e-01    1.0796668758829131e-08
  1276.00  8444.649    4.9755898024002898e-01    2.3066090971556490e-08
  1280.00  8471.014    4.9755898023787520e-01    1.0549059775818361e-08
  1284.00  8497.555    4.9755898023348899e-01    2.1422204575087716e-08
  1288.00  8524.287    4.9755898022081729e-01    1.9913817491745702e-08
  1292.00  8550.937    4.9755898020805828e-01    1.1105000303126747e-08
  1296.00  8577.415    4.9755898019877826e-01    1.6718174347695643e-08
  1300.00  8603.793    4.9755898018880296e-01    1.3897790304515917e-08
  1304.00  8630.431    4.9755898017930372e-01    1.2214345940850681e-08
  1308.00  8657.118    4.9755898016043193e-01    1.4949765278738697e-08
  1312.00  8683.673    4.9755898015165934e-01    1.3402832495986128e-08
  1316.00  8710.167    4.9755898014525191e-01    2.8837063770013855e-08
  1320.00  8736.911    4.9755898013237887e-01    1.4716417108608670e-08
  1324.00  8763.513    4.9755898011407934e-01    1.7553549026812939e-08
  1328.00  8789.962    4.9755898010799005e-01    1.0372775174897442e-08
  1332.00  8816.827    4.9755898010282751e-01    1.7958010585728753e-08
  1336.00  8843.363    4.9755898028232587e-01    1.0103076005888102e-07
  1340.00  8869.852    4.9755898008991789e-01    5.5116464441670207e-09
  1344.00  8896.531    4.9755898008443789e-01    2.1568940837872782e-08
  1348.00  8922.953    4.9755898007886457e-01    9.4298249896531215e-09
  1352.00  8949.676    4.9755898007369231e-01    1.0800324810119226e-08
  1356.00  8976.348    4.9755898006807642e-01    8.7059416718849134e-09
  1360.00  9002.789    4.9755898006177207e-01    7.4311503460115266e-09
  1364.00  9029.529    4.9755898005730004e-01    1.5684986423827414e-08
  1368.00  9056.125    4.9755898004597804e-01    7.6909348590505296e-09
  1372.00  9082.585    4.9755898004149646e-01    7.0902799883044892e-09
  1376.00  9109.272    4.9755898002999016e-01    9.6850572942929075e-09
  1380.00  9135.728    4.9755898002716825e-01    9.6011668739713224e-09
  1384.00  9162.270    4.9755898002435311e-01    1.1869042795580969e-08
  1388.00  9188.861    4.9755898002277527e-01    1.3539092428556627e-08
  1392.00  9215.319    4.9755898019000577e-01    9.7681454161647972e-08
  1396.00  9241.918    4.9755898000725257e-01    7.9436200982791214e-09
  1400.00  9268.701    4.9755897999458676e-01    5.9708447363457895e-09
  1404.00  9295.383    4.9755897998739129e-01    6.2963625878072705e-09
  1408.00  9321.857    4.9755897998072179e-01    9.1699539739874732e-09
  1412.00  9348.320    4.9755897997907994e-01    5.9337250413714851e-09
  1416.00  9374.939    4.9755897997468262e-01    5.4310887756798371e-09
  1420.00  9401.497    4.9755897996693915e-01    6.5235721056841108e-09
  1424.00  9427.942    4.9755897996200887e-01    5.3901299671583281e-09
  1428.00  9454.565    4.9755897995975046e-01    8.2280173720884130e-09
  1432.00  9481.373    4.9755897994945669e-01    6.3539253400677384e-09
  1436.00  9508.243    4.9755897999505549e-01    3.6974469729405619e-08
  1440.00  9534.774    4.9755898019876715e-01    1.2169693709541598e-07
  1444.00  9561.194    4.9755897993882037e-01    3.3265160509679628e-09
  1448.00  9587.657    4.9755897993596532e-01    4.7000351158780283e-09
  1452.00  9614.523    4.9755897993274301e-01    9.6944733550415386e-09
  1456.00  9641.096    4.9755897992844933e-01    5.2390150314227382e-09
  1460.00  9667.563    4.9755897992747988e-01    3.1055152741886040e-09
  1464.00  9694.254    4.9755897992565890e-01    5.9536990583155664e-09
  1468.00  9720.904    4.9755897992528614e-01    2.9094278115333765e-09
  1472.00  9747.338    4.9755897992475517e-01    4.7688397034994882e-09
  1476.00  9773.952    4.9755897992347825e-01    2.2790379309220501e-09
  1480.00  9800.386    4.9755897992301196e-01    1.7772291257414192e-09
  1484.00  9826.914    4.9755897992167430e-01    2.6573870568076372e-09
  1488.00  9853.346    4.9755897992136300e-01    2.7707640202431706e-09
  1492.00  9880.072    4.9755897991979847e-01    2.2273237415159001e-09
  1496.00  9906.700    4.9755897991951553e-01    3.9834539130144767e-09
  1500.00  9933.237    4.9755897991850512e-01    3.1949749513117109e-09
  1504.00  9959.692    4.9755897991788134e-01    6.1388715896519358e-09
  1508.00  9986.322    4.9755897991660336e-01    2.7301928844186856e-09
  1512.00 10012.964    4.9755897991555170e-01    3.1448506868919234e-09
  1516.00 10039.441    4.9755897991503484e-01    5.0921338184337363e-09
  1520.00 10065.874    4.9755897991343567e-01    3.0668762927999508e-09
  1524.00 10092.539    4.9755897991536829e-01    1.3661573461614129e-08
  1528.00 10119.220    4.9755897991284265e-01    7.8867712329332527e-09
  1532.00 10145.857    4.9755897991153153e-01    2.3742756974821173e-09
  1536.00 10172.397    4.9755897991049558e-01    1.6123443213327535e-09
  1540.00 10199.158    4.9755897991021975e-01    3.4146006502780588e-09
  1544.00 10225.934    4.9755897990976339e-01    2.8026547662011135e-09
  1548.00 10252.495    4.9755897990964720e-01    3.1399884731854498e-09
  1552.00 10279.228    4.9755897990905229e-01    2.3484612571920190e-09
  1556.00 10306.095    4.9755897990894760e-01    1.9658093625600664e-09
  1560.00 10332.751    4.9755897990996123e-01    1.1986191586209629e-08
  1564.00 10359.318    4.9755897990794168e-01    2.0045664481040246e-09
  1568.00 10386.095    4.9755897990781284e-01    1.4502838116758041e-09
  1572.00 10412.828    4.9755897992146325e-01    3.1455968425412322e-08
  1576.00 10439.610    4.9755897990726228e-01    2.3164104674470804e-09
  1580.00 10466.396    4.9755897990697534e-01    1.3621440537019969e-09
  1584.00 10493.010    4.9755897990691150e-01    3.4313762747561404e-09
  1588.00 10519.758    4.9755897990654430e-01    3.3440539170034410e-09
  1592.00 10546.661    4.9755897990632758e-01    1.5999221479854929e-09
  1596.00 10573.533    4.9755897990659731e-01    6.7779905475804097e-09
  1600.00 10600.175    4.9755897990615050e-01    2.0127625325258716e-09
  1604.00 10626.746    4.9755897990608211e-01    1.7957600171666856e-09
  1608.00 10653.380    4.9755897990807219e-01    1.3247321674917347e-08
  1612.00 10679.993    4.9755897990554604e-01    1.2463387827636261e-09
  1616.00 10706.489    4.9755897990538228e-01    1.1673754216866809e-09
  1620.00 10732.984    4.9755897990528591e-01    1.7183230840284175e-09
  1624.00 10759.723    4.9755897990516146e-01    1.2066072670841220e-09
  1628.00 10786.466    4.9755897990507941e-01    9.4898538911453747e-10
