    epoch   elapsed                       val                 norm_grad
     0.00     0.000    6.9314718055994529e-01    4.8299081998375826e-01
     0.11     0.014    6.9282125603568967e-01    4.8282795555339797e-01
     0.21     0.033    1.0407142514154907e-01    7.1294104344396536e-02
     0.32     0.053    6.6522112255383084e-02    3.2445420086419319e-02
     0.42     0.071    4.8517245940895494e-02    9.9731061244973714e-03
     0.50     0.086    4.3255313858647199e-02    7.2606824401797504e-03
     0.61     0.107    4.1045629850707775e-02    2.7830004134302089e-02
     0.71     0.129    2.3804917964173014e-02    1.1814969882559831e-02
     0.82     0.151    1.8561001814967084e-02    2.7023403624381829e-03
     0.92     0.171    1.6492547432890373e-02    4.7774130970008503e-04
     1.00     0.187    1.6133010598334743e-02    4.2929864684010990e-04
     1.11     0.206    1.5416356327415018e-02    5.2555541600325239e-04
     1.21     0.227    1.4827881088782434e-02    3.9212558491101535e-04
     1.32     0.246    1.4231349956659632e-02    4.4463606864863370e-04
     1.42     0.268    1.4059954524843741e-02    5.4237658143473024e-04
     1.53     0.289    1.3967669327326716e-02    5.0967399331271874e-04
     1.61     0.303    1.3919498999632145e-02    3.9340538934701751e-04
     1.71     0.321    1.3915947883009356e-02    5.1108331739820045e-04
     1.82     0.340    1.3873140866061721e-02    3.4840261729451904e-04
     1.92     0.360    1.3856206348233402e-02    3.4144770898809923e-04
     2.00     0.376    1.3856171510927667e-02    3.8406495594340244e-04
     2.11     0.398    1.3837853128851416e-02    3.1106617342901760e-04
     2.21     0.417    1.3836666743417698e-02    3.2116007661982081e-04
     2.32     0.438    1.3816371837576160e-02    2.5466352029512049e-04
     2.42     0.457    1.3811126556916268e-02    2.6158085707928924e-04
     2.50     0.472    1.3808347550332402e-02    2.3542377269364666e-04
     2.61     0.491    1.3803407980187206e-02    1.8821175082236395e-04
     2.71     0.512    1.3798808534912414e-02    1.3679079073162921e-04
     2.82     0.533    1.3794842782614088e-02    1.4000369398544705e-04
     2.92     0.548    1.3793742082106255e-02    1.0736694083354554e-04
     3.03     0.568    1.3793144773231873e-02    1.3445942720736263e-04
     3.11     0.582    1.3792639153254699e-02    1.2917253855797408e-04
     3.21     0.601    1.3790140411280639e-02    1.3563364818720014e-04
     3.32     0.620    1.3789236990414653e-02    1.2305722446067792e-04
     3.42     0.643    1.3784399789673813e-02    1.1289575269695246e-04
     3.50     0.659    1.3773362373575997e-02    1.1047488531846735e-04
     3.61     0.681    1.3731533030822043e-02    9.8730973620673489e-05
     3.71     0.697    1.3628656725319677e-02    7.3889750614538322e-05
     3.82     0.712    1.3609697640515219e-02    7.5506867822819457e-05
     3.92     0.733    1.3605768636835920e-02    6.6811128305067506e-05
     4.00     0.750    1.3500808509250218e-02    9.5143979648263424e-05
     4.11     0.771    1.3404298111341074e-02    1.3204092941865468e-04
     4.21     0.794    1.3358958958478035e-02    1.3921746670880880e-04
     4.32     0.810    1.3345464479190635e-02    1.3624342140454256e-04
     4.42     0.830    1.3317188253584961e-02    1.3306216603345950e-04
     4.50     0.847    1.3301366716553830e-02    1.5289583906956329e-04
     4.61     0.868    1.3264134696254698e-02    1.5705339188078253e-04
     4.71     0.889    1.3196368703775265e-02    1.7625997922310176e-04
     4.82     0.912    1.3140153541438071e-02    1.5908402526661916e-04
     4.92     0.934    1.3117064203865580e-02    1.6419534603535950e-04
     5.00     0.949    1.3115339655120127e-02    1.7163075851639488e-04
     5.11     0.967    1.3105466431629553e-02    1.7316604482417743e-04
     5.21     0.987    1.3100852299006805e-02    1.1875732898405772e-04
     5.32     1.011    1.3094521072203571e-02    8.0241133831386856e-05
     5.42     1.032    1.3089064386777921e-02    3.1730132515320964e-05
     5.53     1.054    1.3086206014046494e-02    2.5383146263069694e-05
     5.61     1.072    1.3083139642672333e-02    3.3851324910797023e-05
     5.71     1.094    1.3073493974124679e-02    4.7676548673865492e-05
     5.82     1.117    1.3051321923530580e-02    5.0062943922567601e-05
     5.92     1.139    1.3044749618036311e-02    5.1747884687554217e-05
     6.03     1.160    1.3039534568605937e-02    4.0190076022072365e-05
     6.11     1.176    1.3035663760926349e-02    2.1906538118361397e-05
     6.21     1.200    1.3030319746397508e-02    3.3971752362974259e-05
     6.32     1.221    1.3025796444262779e-02    3.0167892756285257e-05
     6.42     1.244    1.3022568269808604e-02    2.4337655090037941e-05
     6.53     1.265    1.3020363561091739e-02    2.0533247385342634e-05
     6.61     1.281    1.3018860432615789e-02    1.8569159416119368e-05
     6.71     1.302    1.3017996065109469e-02    2.1052121169478234e-05
     6.82     1.323    1.3017037247483817e-02    1.8032231256207597e-05
     6.92     1.346    1.3015036319816283e-02    1.8539139270929611e-05
     7.00     1.361    1.3013401405468170e-02    2.1270624834047619e-05
     7.11     1.384    1.3012461281503258e-02    2.5172328180873833e-05
     7.21     1.408    1.3011516655373322e-02    2.0789194704063270e-05
     7.32     1.431    1.3010594954887763e-02    1.1552644542034585e-05
     7.42     1.453    1.3010195449127680e-02    1.9534051169398684e-05
     7.50     1.472    1.3010116120536992e-02    2.1324687295705003e-05
     7.61     1.497    1.3010096644442876e-02    1.9793504400246233e-05
     7.71     1.521    1.3010107800475240e-02    2.1230489921201181e-05
     7.82     1.544    1.3010021225199057e-02    1.8050409817044160e-05
     7.92     1.568    1.3009632373860982e-02    9.1481369510721168e-06
     8.00     1.585    1.3009567977884240e-02    7.0564410770496587e-06
     8.11     1.611    1.3009302626693198e-02    8.5713725128485754e-06
     8.21     1.634    1.3009295535704523e-02    1.2959464080509697e-05
     8.32     1.656    1.3009283200881617e-02    1.5189244062231925e-05
     8.42     1.680    1.3009207293134806e-02    9.8011289648187061e-06
     8.50     1.697    1.3009139243086748e-02    6.5289560114433839e-06
     8.61     1.719    1.3009080944390187e-02    5.0144782224289205e-06
     8.71     1.739    1.3009061041625834e-02    4.4252692901640745e-06
     8.82     1.765    1.3009003017212561e-02    2.9606031063868316e-06
     8.92     1.786    1.3008983024546686e-02    4.5336051252192875e-06
     9.00     1.805    1.3008965926037357e-02    5.4765426418440963e-06
     9.11     1.818    1.3008963956140155e-02    5.1424508407050277e-06
     9.21     1.841    1.3008933730497255e-02    3.4192739014188931e-06
     9.32     1.867    1.3008931519972809e-02    1.9371244859969839e-06
     9.42     1.891    1.3008939051229951e-02    2.1078195617586697e-06
     9.50     1.908    1.3008915434117231e-02    9.8647123771229473e-07
     9.61     1.932    1.3008928467267408e-02    1.9782022792122820e-06
     9.71     1.957    1.3008912415265240e-02    1.1299606823088016e-06
     9.82     1.981    1.3008906973297263e-02    1.0563006551441221e-06
     9.92     2.005    1.3008904437465670e-02    1.1746240948030665e-06
    10.00     2.023    1.3008905031084260e-02    1.4569509450833855e-06
    10.11     2.050    1.3008900922130322e-02    1.1716141523002124e-06
    10.21     2.071    1.3008905487216310e-02    1.3103177774536928e-06
    10.32     2.098    1.3008899644968919e-02    7.4958694073224235e-07
    10.42     2.121    1.3008898767992398e-02    6.7996660957195789e-07
    10.50     2.139    1.3008899339135856e-02    5.1786549897544033e-07
    10.61     2.164    1.3008898884113872e-02    6.2330274769714077e-07
    10.71     2.189    1.3008898191785630e-02    6.6062982932155263e-07
    10.82     2.213    1.3008897693520659e-02    5.3814978866682728e-07
    10.92     2.240    1.3008897103796095e-02    4.2795876502175625e-07
    11.03     2.266    1.3008897000704317e-02    5.4909624099051554e-07
    11.11     2.284    1.3008896979383667e-02    6.3774399292117900e-07
    11.21     2.307    1.3008897039794000e-02    6.5331694476010429e-07
    11.32     2.334    1.3008896954662230e-02    4.8849025252047916e-07
    11.42     2.360    1.3008896811182337e-02    2.4304726743347809e-07
    11.53     2.385    1.3008896671710769e-02    1.6322517693694228e-07
    11.61     2.403    1.3008896585742493e-02    1.2386415784907961e-07
    11.71     2.429    1.3008896586622675e-02    2.1013612307952175e-07
    11.82     2.452    1.3008896637268629e-02    2.8251205061035895e-07
    11.92     2.477    1.3008896650819010e-02    3.1872851550185538e-07
    12.03     2.502    1.3008896556006575e-02    2.8523464640521033e-07
    12.11     2.520    1.3008896512688495e-02    1.8539796885235506e-07
    12.21     2.544    1.3008896477500581e-02    6.3661292227854090e-08
    12.32     2.570    1.3008896476070122e-02    2.6268083673511595e-08
    12.42     2.594    1.3008896476075260e-02    4.9276539673783601e-08
    12.53     2.618    1.3008896476536616e-02    7.8584113976545817e-08
    12.61     2.637    1.3008896475444362e-02    1.1161811126309867e-07
    12.71     2.663    1.3008896468272739e-02    8.0376848905877157e-08
    12.82     2.689    1.3008896462462973e-02    2.8482512003764963e-08
    12.92     2.714    1.3008896461875629e-02    2.1199282041206082e-08
    13.03     2.741    1.3008896463894176e-02    2.1740254307833640e-08
    13.11     2.761    1.3008896462931513e-02    1.6773278015863117e-08
    13.21     2.786    1.3008896461129127e-02    1.7517479089511717e-08
    13.32     2.811    1.3008896460379910e-02    7.7098268716534538e-09
    13.42     2.838    1.3008896459646969e-02    6.3589132835476536e-09
    13.50     2.858    1.3008896459434486e-02    7.7119550464489628e-09
    13.61     2.885    1.3008896459495923e-02    7.2137296594725861e-09
    13.71     2.910    1.3008896460243374e-02    1.1345232543443231e-08
    13.82     2.936    1.3008896459947149e-02    8.4525399693979191e-09
    13.92     2.961    1.3008896459355841e-02    6.8581888729236091e-09
    14.00     2.979    1.3008896459161867e-02    3.8776065682120979e-09
    14.11     3.005    1.3008896459045611e-02    2.5292620061943849e-09
    14.21     3.033    1.3008896458985730e-02    1.7958220812368003e-09
    14.32     3.059    1.3008896459067646e-02    4.8791129353176920e-09
    14.42     3.085    1.3008896459069046e-02    3.8961247683418895e-09
    14.50     3.106    1.3008896459019337e-02    2.8734598165083939e-09
    14.61     3.129    1.3008896458961187e-02    1.6185326247350853e-09
    14.71     3.154    1.3008896458946177e-02    2.4222230419823493e-09
    14.82     3.179    1.3008896458957354e-02    1.0439274325622222e-09
    14.92     3.203    1.3008896458943462e-02    1.2246755990775234e-09
    15.00     3.223    1.3008896458948510e-02    8.8510668603171557e-10
    15.11     3.246    1.3008896458945741e-02    2.4359685798425442e-09
    15.21     3.272    1.3008896458934436e-02    1.4880947253373051e-09
    15.32     3.299    1.3008896458929902e-02    3.9873336374469379e-10
    15.42     3.323    1.3008896458931139e-02    1.8291392451775618e-09
    15.50     3.343    1.3008896458931668e-02    2.1029881191959439e-09
    15.61     3.371    1.3008896458928301e-02    2.4298403790269196e-10
    15.71     3.395    1.3008896458928138e-02    1.1764957989062879e-09
    15.82     3.425    1.3008896458927428e-02    6.4261635646116119e-10
    15.92     3.450    1.3008896458926998e-02    2.6364595172618404e-10
    16.00     3.471    1.3008896458926868e-02    5.3340864941538938e-10
    16.11     3.500    1.3008896458926712e-02    1.0145757198938376e-10
    16.21     3.523    1.3008896458927548e-02    9.8005334176342761e-10
    16.32     3.548    1.3008896458927024e-02    1.3252843416542513e-10
    16.42     3.574    1.3008896458926890e-02    8.4641753071207679e-10
    16.50     3.594    1.3008896458926894e-02    1.0917433028203021e-09
    16.61     3.621    1.3008896458926554e-02    2.0183437672647696e-10
    16.71     3.645    1.3008896458926522e-02    1.3774226475466778e-10
    16.82     3.669    1.3008896458926514e-02    1.0573016951377986e-10
    16.92     3.693    1.3008896458926549e-02    4.1755027083916174e-10
    17.00     3.712    1.3008896458926498e-02    2.9085612599752023e-10
    17.11     3.738    1.3008896458926479e-02    1.5118988220629134e-10
    17.21     3.765    1.3008896458926472e-02    1.2905236959027066e-10
    17.32     3.790    1.3008896458926490e-02    2.3482794464484830e-10
    17.42     3.816    1.3008896458926472e-02    1.0153830647989461e-10
    17.50     3.837    1.3008896458926465e-02    4.4170488303408076e-11
    17.61     3.861    1.3008896458926469e-02    9.4625581081216330e-11
    17.71     3.890    1.3008896458926465e-02    5.3717345346278647e-11
    17.82     3.916    1.3008896458926462e-02    2.2571690434162843e-11
    17.92     3.944    1.3008896458926462e-02    3.1981680214751974e-11
    18.00     3.966    1.3008896458926458e-02    3.0431628711736392e-11
    18.11     3.992    1.3008896458926462e-02    3.7958140799583518e-11
    18.21     4.017    1.3008896458926462e-02    4.7719568767365503e-11
    18.32     4.044    1.3008896458926458e-02    5.5031398733390851e-11
    18.42     4.069    1.3008896458926458e-02    2.4685971478681176e-11
    18.50     4.088    1.3008896458926458e-02    2.2002295787272575e-11
    18.61     4.113    1.3008896458926457e-02    7.4474593590449028e-12
    18.71     4.138    1.3008896458926458e-02    8.3162807769469693e-12
    18.82     4.164    1.3008896458926455e-02    1.2888623411238664e-11
    18.92     4.190    1.3008896458926457e-02    1.3650083005169286e-11
    19.00     4.208    1.3008896458926453e-02    1.2525826073552708e-11
    19.11     4.234    1.3008896458926457e-02    1.1165313567946449e-11
    19.21     4.259    1.3008896458926458e-02    1.0359951733832952e-11
    19.32     4.285    1.3008896458926458e-02    7.3080197458602527e-12
    19.42     4.312    1.3008896458926455e-02    3.7767493498645343e-12
    19.50     4.332    1.3008896458926457e-02    4.2939163509558842e-12
    19.61     4.359    1.3008896458926455e-02    3.0108253130239904e-12
    19.71     4.384    1.3008896458926458e-02    7.2414368228404936e-12
    19.82     4.410    1.3008896458926455e-02    5.0560907897793678e-12
    19.92     4.435    1.3008896458926460e-02    3.3067577064689775e-12
    20.00     4.452    1.3008896458926458e-02    2.9645419928300051e-12
    20.11     4.476    1.3008896458926455e-02    1.8909255705570980e-12
    20.21     4.500    1.3008896458926457e-02    1.7079393361903628e-12
    20.32     4.526    1.3008896458926455e-02    1.3710978424667786e-12
    20.42     4.553    1.3008896458926458e-02    1.3848274672714593e-12
    20.50     4.572    1.3008896458926458e-02    2.4266085695738918e-12
    20.61     4.598    1.3008896458926455e-02    2.8090160795693096e-12
    20.71     4.624    1.3008896458926457e-02    6.7700607218803416e-13
    20.82     4.651    1.3008896458926458e-02    8.2906343842957781e-13
    20.92     4.677    1.3008896458926457e-02    1.0302574231899780e-12
    21.00     4.696    1.3008896458926457e-02    1.6162168412143293e-12
    21.11     4.724    1.3008896458926458e-02    1.1476920030794669e-12
    21.21     4.751    1.3008896458926453e-02    6.1823781165187688e-13
    21.32     4.778    1.3008896458926460e-02    5.0227978548556765e-13
    21.42     4.801    1.3008896458926457e-02    4.6967064331953582e-13
    21.53     4.827    1.3008896458926455e-02    3.9886327307138685e-13
    21.61     4.846    1.3008896458926460e-02    5.2200780793743538e-13
    21.71     4.871    1.3008896458926455e-02    5.0436299017450614e-13
    21.82     4.896    1.3008896458926455e-02    4.6360046132413492e-13
    21.92     4.924    1.3008896458926458e-02    4.1499313598573504e-13
    22.03     4.948    1.3008896458926455e-02    4.2691885920719443e-13
    22.11     4.968    1.3008896458926458e-02    5.9693064113895727e-13
    22.21     4.995    1.3008896458926458e-02    6.4109267338095104e-13
    22.32     5.021    1.3008896458926460e-02    7.0190328213065467e-13
    22.42     5.050    1.3008896458926457e-02    8.3187790133937372e-13
    22.53     5.077    1.3008896458926458e-02    8.4891554644365796e-13
    22.61     5.097    1.3008896458926457e-02    7.8628795723381310e-13
    22.71     5.123    1.3008896458926458e-02    7.9436826595210478e-13
    22.82     5.152    1.3008896458926458e-02    7.9931794773978259e-13
    22.92     5.177    1.3008896458926460e-02    8.9016488003130215e-13
    23.03     5.201    1.3008896458926457e-02    9.9136316133445015e-13
    23.11     5.221    1.3008896458926462e-02    1.0008188751247669e-12
    23.21     5.245    1.3008896458926457e-02    1.0539330527642755e-12
    23.32     5.271    1.3008896458926458e-02    1.0780200482966254e-12
    23.42     5.297    1.3008896458926457e-02    1.0923816614827302e-12
    23.53     5.322    1.3008896458926457e-02    1.1089200202501634e-12
    23.61     5.340    1.3008896458926455e-02    1.0805027116191415e-12
    23.71     5.365    1.3008896458926453e-02    1.1653920973919708e-12
    23.82     5.391    1.3008896458926455e-02    1.1861851007608731e-12
    23.92     5.415    1.3008896458926457e-02    1.2246255111533104e-12
    24.03     5.440    1.3008896458926455e-02    1.2231453486197892e-12
    24.11     5.459    1.3008896458926460e-02    1.0442706414546026e-12
    24.21     5.484    1.3008896458926457e-02    1.0811157228361873e-12
    24.32     5.511    1.3008896458926457e-02    1.0885810439845742e-12
    24.42     5.536    1.3008896458926455e-02    1.1206555711812557e-12
    24.53     5.564    1.3008896458926457e-02    1.1325964230331929e-12
    24.61     5.582    1.3008896458926458e-02    1.2767776537058600e-12
    24.71     5.609    1.3008896458926458e-02    1.2917970292154244e-12
    24.82     5.632    1.3008896458926460e-02    1.2924974881668842e-12
    24.92     5.658    1.3008896458926458e-02    1.2924979965454713e-12
    25.03     5.685    1.3008896458926458e-02    1.2924962019738236e-12
    25.11     5.704    1.3008896458926457e-02    1.1618270827963078e-12
    25.21     5.729    1.3008896458926457e-02    1.1618259360989856e-12
    25.32     5.758    1.3008896458926457e-02    1.1618251157740460e-12
    25.42     5.795    1.3008896458926457e-02    1.1618249121420315e-12
    25.53     5.842    1.3008896458926457e-02    1.1618247377458886e-12
    25.61     5.866    1.3008896458926460e-02    1.2924911258509545e-12
    25.71     5.897    1.3008896458926462e-02    1.2924907551549261e-12
    25.82     5.926    1.3008896458926462e-02    1.2924901869149325e-12
    25.92     5.952    1.3008896458926460e-02    1.2924902637434678e-12
    26.03     5.983    1.3008896458926460e-02    1.2924899495207141e-12
    26.11     6.002    1.3008896458926457e-02    1.1618231942798052e-12
    26.21     6.027    1.3008896458926457e-02    1.1618234476353006e-12
    26.32     6.052    1.3008896458926457e-02    1.1618233244581812e-12
    26.42     6.079    1.3008896458926458e-02    1.1618246774212609e-12
    26.53     6.105    1.3008896458926458e-02    1.1618268310157642e-12
    26.61     6.124    1.3008896458926458e-02    1.2924965238595785e-12
    26.71     6.147    1.3008896458926458e-02    1.2924973769541052e-12
    26.82     6.174    1.3008896458926458e-02    1.2924985517623333e-12
    26.92     6.199    1.3008896458926458e-02    1.2924985625620034e-12
    27.00     6.218    1.3008896458926457e-02    1.1618296620381019e-12
    27.11     6.243    1.3008896458926457e-02    1.1618286033130923e-12
    27.21     6.269    1.3008896458926458e-02    1.1618299001205346e-12
    27.32     6.295    1.3008896458926457e-02    1.1618287310033091e-12
    27.42     6.322    1.3008896458926457e-02    1.1618288073156837e-12
    27.50     6.341    1.3008896458926458e-02    1.2924980351119401e-12
    27.61     6.367    1.3008896458926458e-02    1.2924979857193314e-12
    27.71     6.393    1.3008896458926457e-02    1.2924981861087979e-12
    27.82     6.420    1.3008896458926457e-02    1.2924980849280654e-12
    27.92     6.445    1.3008896458926458e-02    1.2924952990234669e-12
    28.00     6.466    1.3008896458926458e-02    1.1618274570392867e-12
    28.11     6.491    1.3008896458926457e-02    1.1618284217171694e-12
    28.21     6.514    1.3008896458926457e-02    1.1618317669811503e-12
    28.32     6.539    1.3008896458926457e-02    1.1618319237219502e-12
    28.42     6.566    1.3008896458926457e-02    1.1618333739879397e-12
    28.50     6.587    1.3008896458926458e-02    1.2925027293288292e-12
    28.61     6.613    1.3008896458926458e-02    1.2925011497182617e-12
    28.71     6.640    1.3008896458926457e-02    1.2925021687915414e-12
    28.82     6.665    1.3008896458926458e-02    1.2925028106572270e-12
    28.92     6.688    1.3008896458926458e-02    1.2925032117537973e-12
    29.00     6.705    1.3008896458926458e-02    1.1618346071223271e-12
    29.11     6.730    1.3008896458926458e-02    1.1618363954603417e-12
    29.21     6.752    1.3008896458926458e-02    1.1618366064641898e-12
    29.32     6.780    1.3008896458926458e-02    1.1618398403301033e-12
    29.42     6.803    1.3008896458926457e-02    1.1618380558037370e-12
    29.50     6.823    1.3008896458926458e-02    1.2925054516927216e-12
    29.61     6.849    1.3008896458926458e-02    1.2925081095365263e-12
    29.71     6.873    1.3008896458926458e-02    1.2925082982131153e-12
    29.82     6.897    1.3008896458926458e-02    1.2925041076234879e-12
    29.92     6.923    1.3008896458926458e-02    1.2925060550448779e-12
    30.00     6.944    1.3008896458926458e-02    1.1618381345778011e-12
    30.11     6.973    1.3008896458926458e-02    1.1618355036405273e-12
