    epoch   elapsed                       val                 norm_grad
     0.00     0.000    6.9314718055994518e-01    1.6792297332609699e-01
     0.12     0.010    6.9314408983816689e-01    1.6792204526998147e-01
     0.20     0.019    3.8179292193172404e-01    5.6489100779694691e-02
     0.32     0.034    3.2903575284059433e-01    3.8236977268597212e-02
     0.40     0.043    2.6916973541731443e-01    2.1720177310852185e-02
     0.52     0.056    2.4257848365733650e-01    1.4265153591983024e-02
     0.60     0.065    2.0603346832448755e-01    7.0950929425671909e-03
     0.72     0.079    1.9614763138958741e-01    6.3480121520466063e-03
     0.80     0.089    1.7522290926216580e-01    4.3568254851994300e-03
     0.92     0.104    1.6226074848497704e-01    1.4814025689845278e-03
     1.00     0.113    1.6037459258945175e-01    1.5603585476750203e-03
     1.12     0.128    1.4908443036165428e-01    1.1709819915043001e-03
     1.20     0.139    1.4685334472460904e-01    7.6596127512278719e-04
     1.32     0.153    1.4228312302634902e-01    9.7486431322452746e-04
     1.40     0.165    1.3920728537887950e-01    6.6697529112301577e-04
     1.52     0.179    1.3744056649931372e-01    8.0719388208323013e-04
     1.60     0.188    1.3706589834848176e-01    8.3884762497379731e-04
     1.72     0.202    1.3664050368164984e-01    8.4603391497505194e-04
     1.80     0.212    1.3629130353187413e-01    6.2221494834043770e-04
     1.92     0.226    1.3510938686415039e-01    7.2339933297716711e-04
     2.00     0.237    1.3458244014681553e-01    6.0591818275096681e-04
     2.12     0.251    1.3410847840984305e-01    4.8695704658001317e-04
     2.20     0.261    1.3393033377903030e-01    4.5200311923040368e-04
     2.32     0.276    1.3383544558118657e-01    4.6812037779111625e-04
     2.40     0.285    1.3319094618410121e-01    4.8349152464358472e-04
     2.52     0.299    1.3302710828379180e-01    4.6377639941856121e-04
     2.60     0.309    1.3296784759792304e-01    3.9344668735192715e-04
     2.72     0.328    1.3276564574297967e-01    3.9837894716978695e-04
     2.80     0.343    1.3274120075802118e-01    4.2275106803272395e-04
     2.92     0.366    1.3246661542990576e-01    3.1330909889811182e-04
     3.00     0.378    1.3228972257015212e-01    3.1078671461547797e-04
     3.12     0.403    1.3205420404470042e-01    3.0730050306204747e-04
     3.20     0.413    1.3185801381723811e-01    3.0721740305336129e-04
     3.32     0.427    1.3179511021178467e-01    3.1596588481407501e-04
     3.40     0.438    1.3173118781895940e-01    3.0424457983439725e-04
     3.52     0.454    1.3147198589100068e-01    2.9268147801273675e-04
     3.60     0.464    1.3126776484966318e-01    2.8476823347345175e-04
     3.72     0.480    1.3101544547201482e-01    2.7849753368542360e-04
     3.80     0.490    1.3087330659795318e-01    2.6966593897144496e-04
     3.92     0.506    1.3002404387321012e-01    2.2755856467727634e-04
     4.00     0.516    1.2976091943190654e-01    2.4145184485680762e-04
     4.12     0.532    1.2918499097872810e-01    1.9978681075561591e-04
     4.20     0.550    1.2864986915769547e-01    1.7466155612169123e-04
     4.32     0.566    1.2782274969672414e-01    2.2457690186242338e-04
     4.40     0.577    1.2764854620034449e-01    1.7813758198037229e-04
     4.52     0.593    1.2749363457953325e-01    2.3558681830974338e-04
     4.60     0.603    1.2736948958351141e-01    2.9642889929075444e-04
     4.72     0.619    1.2725560080998694e-01    3.0675979558143345e-04
     4.80     0.629    1.2710681607739657e-01    3.1833872298871993e-04
     4.92     0.646    1.2702892907354824e-01    3.2604454192278171e-04
     5.00     0.657    1.2690009756345380e-01    2.2938846159903639e-04
     5.12     0.673    1.2677478734812789e-01    1.9994268474345727e-04
     5.20     0.693    1.2674679298127919e-01    2.6137744935948975e-04
     5.32     0.708    1.2670062754621439e-01    3.8557278543798406e-04
     5.40     0.719    1.2664807198231767e-01    2.6322482951430192e-04
     5.52     0.735    1.2656096827425900e-01    2.7575697671183071e-04
     5.60     0.746    1.2652565734736806e-01    1.7608973578313986e-04
     5.72     0.764    1.2648895896344106e-01    2.5611167667364176e-04
     5.80     0.774    1.2646336675737441e-01    2.5126492109250995e-04
     5.92     0.792    1.2642580984806184e-01    2.9341852957299758e-04
     6.00     0.802    1.2643056299909353e-01    3.0592735083303271e-04
     6.12     0.820    1.2640355188713970e-01    1.8976897424662301e-04
     6.20     0.832    1.2636505195575853e-01    1.9140699244037511e-04
     6.32     0.857    1.2633935929558501e-01    2.0546470243419939e-04
     6.40     0.867    1.2631937776278876e-01    1.6871703325488301e-04
     6.52     0.886    1.2630369872002511e-01    2.3778043476860647e-04
     6.60     0.899    1.2629184775208341e-01    2.3426335161012344e-04
     6.72     0.917    1.2628334038675068e-01    1.9753263197077225e-04
     6.80     0.928    1.2627247366020813e-01    2.1842355310214677e-04
     6.92     0.944    1.2625289536845544e-01    2.1123423423416863e-04
     7.00     0.955    1.2623975337877483e-01    1.3509337423200612e-04
     7.12     0.970    1.2623439344116608e-01    1.1302594344501183e-04
     7.20     0.982    1.2623060820861265e-01    1.3294563111342683e-04
     7.32     1.006    1.2622751128932444e-01    1.5322795317770997e-04
     7.40     1.018    1.2622235023594899e-01    1.8429860233295928e-04
     7.52     1.036    1.2621108695330113e-01    9.3918523415238063e-05
     7.60     1.047    1.2620747708330493e-01    9.5188119550851028e-05
     7.72     1.066    1.2620594393455922e-01    9.1867414576663153e-05
     7.80     1.077    1.2620539718088278e-01    8.0126196249978926e-05
     7.92     1.096    1.2620407832304989e-01    1.0379556578998149e-04
     8.00     1.108    1.2620502907437961e-01    1.3237389895927990e-04
     8.12     1.127    1.2619289759590507e-01    5.4160200298538155e-05
     8.20     1.139    1.2619264050513487e-01    5.2378057596376188e-05
     8.32     1.164    1.2619400404968140e-01    8.1795931830395342e-05
     8.40     1.176    1.2619415933182454e-01    9.8501196778779887e-05
     8.52     1.194    1.2618715770220640e-01    5.2341109433640168e-05
     8.60     1.205    1.2618779223978419e-01    3.8109780744839965e-05
     8.72     1.223    1.2618530295307756e-01    3.4471331041901264e-05
     8.80     1.235    1.2618356918747101e-01    2.2936655380828524e-05
     8.92     1.252    1.2618429724457136e-01    4.5275295414447573e-05
     9.00     1.263    1.2618670783120065e-01    7.2044538388704946e-05
     9.12     1.280    1.2618679185856113e-01    8.9306857529466288e-05
     9.20     1.293    1.2618369458919240e-01    3.7783702796244615e-05
     9.32     1.311    1.2618309784972823e-01    2.7267130358034278e-05
     9.40     1.331    1.2618286114163918e-01    3.0864437611449771e-05
     9.52     1.350    1.2618226725346832e-01    2.3207463272446565e-05
     9.60     1.362    1.2618254936973014e-01    2.4352205128450870e-05
     9.72     1.379    1.2618173552705184e-01    1.9173652916582271e-05
     9.80     1.392    1.2618157078425185e-01    1.4566458840932774e-05
     9.92     1.411    1.2618145301248801e-01    2.0152856023946463e-05
    10.00     1.418    1.2618145301248801e-01    2.0152856023946463e-05
    10.12     1.436    1.2618130601409555e-01    1.4942561384763041e-05
    10.20     1.449    1.2618132637781945e-01    1.3941576290704760e-05
    10.32     1.468    1.2618111136346347e-01    1.6270561718461643e-05
    10.40     1.490    1.2618113681604337e-01    1.6102609957080320e-05
    10.52     1.510    1.2618135674579598e-01    1.9862738584838482e-05
    10.60     1.522    1.2618111433025139e-01    1.2017832080916308e-05
    10.72     1.542    1.2618104100620289e-01    1.5869211072437980e-05
    10.80     1.555    1.2618089368205399e-01    1.0887564765558578e-05
    10.92     1.574    1.2618095201038532e-01    9.9252084121651747e-06
    11.00     1.588    1.2618088934345328e-01    1.1788142523945587e-05
    11.12     1.607    1.2618086787917132e-01    7.4586943916545523e-06
    11.20     1.620    1.2618083164411711e-01    5.7204742284189999e-06
    11.32     1.639    1.2618075964643266e-01    5.2805461492900708e-06
    11.40     1.651    1.2618076154692312e-01    4.9454473628373884e-06
    11.52     1.677    1.2618076963240055e-01    7.0393595243106299e-06
    11.60     1.689    1.2618077443574882e-01    5.5222072254054913e-06
    11.72     1.707    1.2618075927934369e-01    3.4450322375667586e-06
    11.80     1.719    1.2618073230127116e-01    3.3663482507485626e-06
    11.92     1.738    1.2618073450237363e-01    3.1179397564166475e-06
    12.00     1.751    1.2618072418767909e-01    3.1273675393047286e-06
    12.12     1.770    1.2618070794098935e-01    2.1850382168500069e-06
    12.20     1.783    1.2618071538915901e-01    4.0348643385024863e-06
    12.32     1.802    1.2618072016630355e-01    3.3383078746066520e-06
    12.40     1.814    1.2618070731420800e-01    2.9212409240391091e-06
    12.52     1.839    1.2618069969330042e-01    1.9723227675717174e-06
    12.60     1.853    1.2618070575662965e-01    2.8893459330598235e-06
    12.72     1.872    1.2618069989149905e-01    2.4824201473610813e-06
    12.80     1.885    1.2618069796221573e-01    1.7796064699278572e-06
    12.92     1.903    1.2618069505648941e-01    1.6161835003768803e-06
    13.00     1.916    1.2618069360354364e-01    2.5059060822458444e-06
    13.12     1.935    1.2618069263995954e-01    1.4389141028748559e-06
    13.20     1.948    1.2618069231354148e-01    1.2025054715465971e-06
    13.32     1.968    1.2618068939046745e-01    1.0001308649752425e-06
    13.40     1.981    1.2618068955766662e-01    1.3365311924858059e-06
    13.52     2.007    1.2618069111697136e-01    1.3352484336020085e-06
    13.60     2.019    1.2618068977291252e-01    1.4332871493979430e-06
    13.72     2.039    1.2618068958958834e-01    8.0041519245749440e-07
    13.80     2.051    1.2618069003482640e-01    1.2966300281832247e-06
    13.92     2.071    1.2618068850402792e-01    6.0400627961976042e-07
    14.00     2.083    1.2618068794395912e-01    6.1231888750006671e-07
    14.12     2.105    1.2618068773077376e-01    6.1816409619768950e-07
    14.20     2.119    1.2618068736802626e-01    6.3415267235885319e-07
    14.32     2.140    1.2618068726867623e-01    8.0652972178276724e-07
    14.40     2.153    1.2618068702296986e-01    4.5587211442825945e-07
    14.52     2.172    1.2618068710896108e-01    3.6517333672171290e-07
    14.60     2.193    1.2618068700065632e-01    3.3198757642327019e-07
    14.72     2.212    1.2618068708878463e-01    5.4779298102727099e-07
    14.80     2.225    1.2618068689879344e-01    3.0838345745829893e-07
    14.92     2.244    1.2618068674790750e-01    1.8039398841964278e-07
    15.00     2.257    1.2618068680059996e-01    2.8215304857953186e-07
    15.12     2.277    1.2618068674764524e-01    3.3384122884597345e-07
    15.20     2.290    1.2618068667427673e-01    1.8887465188776047e-07
    15.32     2.309    1.2618068668601309e-01    2.2137275258846635e-07
    15.40     2.322    1.2618068663704415e-01    1.5789731131768213e-07
    15.52     2.341    1.2618068661221654e-01    1.4072200346049927e-07
    15.60     2.361    1.2618068659007753e-01    1.0555096771388445e-07
    15.72     2.381    1.2618068656851386e-01    7.4053536383462688e-08
    15.80     2.393    1.2618068657507345e-01    1.5689915648688983e-07
    15.92     2.412    1.2618068656573606e-01    1.0421673467860608e-07
    16.00     2.425    1.2618068655524375e-01    1.1875687329453217e-07
    16.12     2.443    1.2618068655506948e-01    1.0320989888089503e-07
    16.20     2.455    1.2618068654242942e-01    7.7029788955693213e-08
    16.32     2.475    1.2618068653482253e-01    7.2512674991911756e-08
    16.40     2.488    1.2618068653555897e-01    7.7301145341357992e-08
    16.52     2.507    1.2618068653516409e-01    7.3202749762289114e-08
    16.60     2.520    1.2618068653002892e-01    5.6456385477658694e-08
    16.72     2.546    1.2618068652809933e-01    5.7570051044819880e-08
    16.80     2.558    1.2618068652629105e-01    4.4654646457114656e-08
    16.92     2.578    1.2618068652236855e-01    3.9784517343304654e-08
    17.00     2.590    1.2618068652224246e-01    5.2339078183779886e-08
    17.12     2.609    1.2618068652083908e-01    5.1247093241609453e-08
    17.20     2.622    1.2618068651999342e-01    5.2200936598305228e-08
    17.32     2.642    1.2618068651829573e-01    4.1027371607187505e-08
    17.40     2.656    1.2618068651665149e-01    2.6443615893259560e-08
    17.52     2.674    1.2618068651665890e-01    3.5474603387065477e-08
    17.60     2.687    1.2618068651623759e-01    3.7014959694571650e-08
    17.72     2.715    1.2618068651502129e-01    2.6198314163221007e-08
    17.80     2.727    1.2618068651473224e-01    2.2795684180697571e-08
    17.92     2.747    1.2618068651458983e-01    2.9052512666560685e-08
    18.00     2.760    1.2618068651375064e-01    1.8164312618536727e-08
    18.12     2.779    1.2618068651324726e-01    1.9300937294971897e-08
    18.20     2.790    1.2618068651307018e-01    2.1157669758605646e-08
    18.32     2.808    1.2618068651294956e-01    1.8908123144064921e-08
    18.40     2.821    1.2618068651276254e-01    1.3584180649348125e-08
    18.52     2.840    1.2618068651216274e-01    7.2572236332649775e-09
    18.60     2.853    1.2618068651215758e-01    7.3691695343401425e-09
    18.72     2.880    1.2618068651198810e-01    1.3288496195231915e-08
    18.80     2.893    1.2618068651187578e-01    1.5397285268646760e-08
    18.92     2.912    1.2618068651171294e-01    1.5574778247416730e-08
    19.00     2.924    1.2618068651169748e-01    1.1322203157079265e-08
    19.12     2.945    1.2618068651149178e-01    1.0342034661313713e-08
    19.20     2.959    1.2618068651147038e-01    1.1758979611263017e-08
    19.32     2.978    1.2618068651128092e-01    8.7605896802173252e-09
    19.40     2.990    1.2618068651126896e-01    1.3684310936158196e-08
    19.52     3.010    1.2618068651115197e-01    9.1994603758208983e-09
    19.60     3.023    1.2618068651111333e-01    6.9328975288324179e-09
    19.72     3.042    1.2618068651100051e-01    4.2666349928682941e-09
    19.80     3.063    1.2618068651097963e-01    6.2226550293807752e-09
    19.92     3.083    1.2618068651091832e-01    7.8338976054462197e-09
    20.00     3.095    1.2618068651085307e-01    7.1425731180218248e-09
    20.12     3.112    1.2618068651082828e-01    6.0423707122409822e-09
    20.20     3.125    1.2618068651081804e-01    7.6251866395711033e-09
    20.32     3.144    1.2618068651076403e-01    6.3606264530632656e-09
    20.40     3.157    1.2618068651072106e-01    4.7816161594960453e-09
    20.52     3.177    1.2618068651067707e-01    4.9636267735163477e-09
    20.60     3.189    1.2618068651068184e-01    7.4401560458936240e-09
    20.72     3.208    1.2618068651065320e-01    5.1084334401282233e-09
    20.80     3.228    1.2618068651065042e-01    6.3359029931065846e-09
    20.92     3.249    1.2618068651062880e-01    5.5475279174996522e-09
    21.00     3.262    1.2618068651060957e-01    3.3658201185684535e-09
    21.12     3.279    1.2618068651059181e-01    3.8175406790243464e-09
    21.20     3.291    1.2618068651059094e-01    4.0029293607015889e-09
    21.32     3.309    1.2618068651058634e-01    4.7988691270985280e-09
    21.40     3.322    1.2618068651057765e-01    4.6300469188578113e-09
    21.52     3.340    1.2618068651056838e-01    3.3425967935042460e-09
    21.60     3.353    1.2618068651055678e-01    4.1645399887865644e-09
    21.72     3.372    1.2618068651054573e-01    3.0440657706990609e-09
    21.80     3.386    1.2618068651054806e-01    3.3275379865162745e-09
    21.92     3.413    1.2618068651054126e-01    2.8937443049138322e-09
    22.00     3.426    1.2618068651053960e-01    3.1311414853289266e-09
    22.12     3.445    1.2618068651053302e-01    2.4037660682628859e-09
    22.20     3.458    1.2618068651053396e-01    2.7848316420407340e-09
    22.32     3.476    1.2618068651053080e-01    2.6652787911216064e-09
    22.40     3.489    1.2618068651052819e-01    1.6740320561542106e-09
    22.52     3.507    1.2618068651052658e-01    2.6059200682607619e-09
    22.60     3.519    1.2618068651052680e-01    2.4981517150933171e-09
    22.72     3.537    1.2618068651052169e-01    1.7186776650295055e-09
    22.80     3.549    1.2618068651052028e-01    1.4657337948023602e-09
    22.92     3.574    1.2618068651052167e-01    2.2975115105896985e-09
    23.00     3.587    1.2618068651052222e-01    2.3550942444589169e-09
    23.12     3.605    1.2618068651051842e-01    1.0259949542727481e-09
    23.20     3.618    1.2618068651051625e-01    6.1075204234792009e-10
    23.32     3.637    1.2618068651051770e-01    1.1645418949734240e-09
    23.40     3.649    1.2618068651051756e-01    1.2612069765895813e-09
    23.52     3.668    1.2618068651051620e-01    8.9496632103651646e-10
    23.60     3.681    1.2618068651051606e-01    1.2639933841180381e-09
    23.72     3.701    1.2618068651051570e-01    1.3672825142932118e-09
    23.80     3.714    1.2618068651051509e-01    7.0324874612906485e-10
    23.92     3.741    1.2618068651051459e-01    6.9361628699549116e-10
    24.00     3.752    1.2618068651051514e-01    1.1026461841368560e-09
    24.12     3.770    1.2618068651051578e-01    1.5775718115432940e-09
    24.20     3.783    1.2618068651051456e-01    8.2030088898946011e-10
    24.32     3.801    1.2618068651051417e-01    3.9369090230333983e-10
    24.40     3.814    1.2618068651051409e-01    6.4148041710459939e-10
    24.52     3.835    1.2618068651051387e-01    3.7795537529637093e-10
    24.60     3.848    1.2618068651051395e-01    4.6650376738852756e-10
    24.72     3.869    1.2618068651051376e-01    2.5659163560716979e-10
    24.80     3.883    1.2618068651051370e-01    2.2160019931449413e-10
    24.92     3.901    1.2618068651051367e-01    2.0220551644008406e-10
    25.00     3.921    1.2618068651051367e-01    3.3551501164416002e-10
    25.12     3.939    1.2618068651051365e-01    2.9313474380726319e-10
    25.20     3.952    1.2618068651051370e-01    2.9964140401490726e-10
    25.32     3.971    1.2618068651051362e-01    2.8046934828894357e-10
    25.40     3.982    1.2618068651051353e-01    1.9255059182667418e-10
    25.52     4.002    1.2618068651051351e-01    1.2385086973186205e-10
    25.60     4.014    1.2618068651051351e-01    2.4599504418261107e-10
    25.72     4.035    1.2618068651051348e-01    1.5851489046676413e-10
    25.80     4.047    1.2618068651051351e-01    1.3763918084837507e-10
    25.92     4.066    1.2618068651051351e-01    1.4791572996417134e-10
    26.00     4.087    1.2618068651051348e-01    1.1024235569697749e-10
    26.12     4.104    1.2618068651051348e-01    7.1049110957630349e-11
    26.20     4.117    1.2618068651051345e-01    8.9105287255956348e-11
    26.32     4.135    1.2618068651051345e-01    1.3215098254313663e-10
    26.40     4.148    1.2618068651051345e-01    1.2119169643526329e-10
    26.52     4.169    1.2618068651051345e-01    4.8157433659787720e-11
    26.60     4.182    1.2618068651051345e-01    6.0591297756739217e-11
    26.72     4.201    1.2618068651051342e-01    4.8497135848895494e-11
    26.80     4.212    1.2618068651051345e-01    5.4496409297656763e-11
    26.92     4.231    1.2618068651051342e-01    7.8213881104702808e-11
    27.00     4.243    1.2618068651051342e-01    6.1819911809682078e-11
    27.12     4.270    1.2618068651051340e-01    2.2030326249643543e-11
    27.20     4.281    1.2618068651051345e-01    5.1817400281755016e-11
    27.32     4.300    1.2618068651051345e-01    3.4056672566054093e-11
    27.40     4.312    1.2618068651051340e-01    2.7289152342469154e-11
    27.52     4.331    1.2618068651051340e-01    3.2919792461666778e-11
    27.60     4.344    1.2618068651051342e-01    3.1098240769691191e-11
    27.72     4.362    1.2618068651051342e-01    2.3445124981642850e-11
    27.80     4.374    1.2618068651051345e-01    1.4901748277113230e-11
    27.92     4.392    1.2618068651051342e-01    2.4273290344535960e-11
    28.00     4.405    1.2618068651051342e-01    3.5871237966491384e-11
    28.12     4.432    1.2618068651051345e-01    3.8844540682181437e-11
    28.20     4.445    1.2618068651051345e-01    1.6407932453585232e-11
    28.32     4.464    1.2618068651051342e-01    2.6743501710450824e-11
    28.40     4.477    1.2618068651051345e-01    1.8852284245821733e-11
    28.52     4.495    1.2618068651051342e-01    1.8100229340112283e-11
    28.60     4.508    1.2618068651051342e-01    8.8546334350972150e-12
    28.72     4.526    1.2618068651051340e-01    1.4021329238675216e-11
    28.80     4.538    1.2618068651051340e-01    1.2829237580727669e-11
    28.92     4.557    1.2618068651051342e-01    1.6451904884939991e-11
    29.00     4.569    1.2618068651051342e-01    1.9959267582875945e-11
    29.12     4.597    1.2618068651051342e-01    1.9678549873056346e-11
    29.20     4.610    1.2618068651051342e-01    1.3476890817107042e-11
    29.32     4.629    1.2618068651051342e-01    8.7102133572667528e-12
    29.40     4.642    1.2618068651051342e-01    1.2283281542509877e-11
    29.52     4.662    1.2618068651051340e-01    1.0336209603609321e-11
    29.60     4.675    1.2618068651051345e-01    8.2390049271137845e-12
    29.72     4.694    1.2618068651051342e-01    4.7276378470383681e-12
    29.80     4.707    1.2618068651051342e-01    7.6627351153844944e-12
    29.92     4.726    1.2618068651051340e-01    8.2119222537414539e-12
    30.00     4.739    1.2618068651051340e-01    5.7282679440757642e-12
