    epoch   elapsed                       val                 norm_grad
     0.00     0.000    6.9314718056034186e-01    2.6884333791234342e-02
     1.00    37.081    1.4238102531676777e-01    5.2280943404275329e-04
     2.00    74.182    1.3970328469728982e-01    3.2531481716198082e-04
     3.00   111.287    1.3866901310447990e-01    3.3494552507076656e-04
     4.00   148.358    1.3824893909913477e-01    4.5483582431658001e-04
     5.00   185.410    1.3777276289050006e-01    2.7809707479339299e-04
     6.00   222.491    1.3744302522504445e-01    2.6564681787732481e-04
     7.00   259.576    1.3731308787120614e-01    3.8802540575707601e-04
     8.00   296.630    1.3715444007306063e-01    2.0207479136009746e-04
     9.00   333.721    1.3710343459760105e-01    3.9075597758972419e-04
    10.00   370.810    1.3698838304036440e-01    2.3625552500507595e-04
    11.00   407.887    1.3693859096286404e-01    2.8054180955053114e-04
    12.00   445.084    1.3690409209154758e-01    5.6166164476014119e-04
    13.00   482.159    1.3680889110656835e-01    3.8988071572672219e-04
    14.00   519.260    1.3667318073356058e-01    1.7677752773117246e-04
    15.00   556.329    1.3666653335958320e-01    1.8451354073475396e-04
    16.00   593.405    1.3663242613934989e-01    1.6786307157251194e-04
    17.00   630.470    1.3658375604832854e-01    2.0932140841757176e-04
    18.00   667.560    1.3653455464108002e-01    2.1218424939013016e-04
    19.00   704.620    1.3652716526677108e-01    2.0578436758544909e-04
    20.00   741.685    1.3650308386151180e-01    1.5625618015017125e-04
    21.00   778.756    1.3648005055899365e-01    1.8657769180947941e-04
    22.00   815.838    1.3644178279381991e-01    1.3094797293237932e-04
    23.00   852.907    1.3645131406981256e-01    1.5781022723936313e-04
    24.00   889.971    1.3641044133387048e-01    1.4159963652362161e-04
    25.00   927.051    1.3641650895172538e-01    1.7463651045855218e-04
    26.00   964.151    1.3639131304008362e-01    1.4044529569377497e-04
    27.00  1001.227    1.3640218728194939e-01    1.9714277175525438e-04
    28.00  1038.286    1.3636668484381012e-01    1.5480153303777300e-04
    29.00  1075.373    1.3635359055799154e-01    1.0811917703360009e-04
    30.00  1112.471    1.3637321845835415e-01    2.7403142640210296e-04
    31.00  1149.530    1.3632449213224873e-01    1.2444996666675668e-04
    32.00  1186.605    1.3632305014229984e-01    1.9281154552214106e-04
    33.00  1223.679    1.3632820555974956e-01    2.1519244024613722e-04
    34.00  1260.759    1.3629276619030042e-01    1.7995819512689877e-04
    35.00  1297.832    1.3628016020880920e-01    1.1908992212211232e-04
    36.00  1334.895    1.3628148440257429e-01    2.1878820733635949e-04
    37.00  1371.982    1.3626612091434626e-01    1.3215082114010696e-04
    38.00  1409.090    1.3628524816399812e-01    2.0724303504016857e-04
    39.00  1446.163    1.3625768557852574e-01    1.5377229355987917e-04
    40.00  1483.218    1.3624034943775901e-01    1.5581238941253774e-04
    41.00  1520.298    1.3629708725466666e-01    2.9913974200740400e-04
    42.00  1557.364    1.3623388018596003e-01    1.2327562672858472e-04
    43.00  1594.467    1.3624321066430323e-01    1.9699545245818793e-04
    44.00  1631.548    1.3621773970156156e-01    9.4803521913297702e-05
    45.00  1668.616    1.3621815077341864e-01    1.4401564334284975e-04
    46.00  1705.727    1.3620978005074574e-01    1.2301044079868857e-04
    47.00  1742.789    1.3621581199267460e-01    1.5011633226651560e-04
    48.00  1779.848    1.3620953943030406e-01    1.2762611332634203e-04
    49.00  1816.934    1.3619988147318557e-01    8.3449925068075371e-05
    50.00  1854.000    1.3619836158404433e-01    8.2735353627295320e-05
    51.00  1891.083    1.3619235167455560e-01    9.2310744239603284e-05
    52.00  1928.197    1.3618878754414937e-01    8.0622969767660802e-05
    53.00  1965.289    1.3618588306078613e-01    1.3056752983268573e-04
    54.00  2002.338    1.3618832371298456e-01    1.2929340187147026e-04
    55.00  2039.418    1.3619067155652939e-01    9.4278194804185472e-05
    56.00  2076.501    1.3618326752026988e-01    1.1036523412367371e-04
    57.00  2113.782    1.3620708994955702e-01    2.1539786543683194e-04
    58.00  2150.839    1.3618294135585773e-01    1.1190340910781997e-04
    59.00  2187.915    1.3616942987784153e-01    1.0409951355880104e-04
    60.00  2224.976    1.3617081564094397e-01    1.2761370516156179e-04
    61.00  2262.053    1.3615504899678263e-01    8.2761599184638134e-05
    62.00  2299.102    1.3616055225091137e-01    1.1588702939210023e-04
    63.00  2336.174    1.3616132689440708e-01    9.5899538635884482e-05
    64.00  2373.246    1.3615647524490401e-01    8.7148395183528940e-05
    65.00  2410.314    1.3616241205021057e-01    1.3159382839551481e-04
    66.00  2447.389    1.3615462723405208e-01    1.0304896608602367e-04
    67.00  2484.462    1.3615101973952734e-01    1.1604204456980803e-04
    68.00  2521.503    1.3615020483365503e-01    7.5434861089283058e-05
    69.00  2558.599    1.3615276655880873e-01    1.4848402410443917e-04
    70.00  2595.654    1.3614471593370817e-01    1.1632934092068193e-04
    71.00  2632.703    1.3613940888126538e-01    8.9095616428935674e-05
    72.00  2669.804    1.3614830085597696e-01    9.7014928699054457e-05
    73.00  2706.867    1.3615388317859287e-01    9.9710368398500269e-05
    74.00  2743.931    1.3615812607819244e-01    1.7899621744235373e-04
    75.00  2781.000    1.3614708881569373e-01    1.3718085280839900e-04
    76.00  2818.062    1.3613821742435395e-01    7.7011423667437679e-05
    77.00  2855.122    1.3613433096304522e-01    9.4739422439765259e-05
    78.00  2892.191    1.3613258511653376e-01    1.0519223525653834e-04
    79.00  2929.265    1.3613062630238651e-01    8.3248099729862972e-05
    80.00  2966.349    1.3612736600890027e-01    5.5663028503414004e-05
    81.00  3003.419    1.3612857045853449e-01    1.2616178608829985e-04
    82.00  3040.498    1.3612940919492633e-01    1.0435977543682546e-04
    83.00  3077.547    1.3612804243546334e-01    1.3961695268374359e-04
    84.00  3114.619    1.3612447676243861e-01    6.7208681882089554e-05
    85.00  3151.674    1.3612876646457320e-01    1.2543546789705627e-04
    86.00  3188.727    1.3611893806341183e-01    8.8791539233840045e-05
    87.00  3225.790    1.3610961661922405e-01    6.0209649686781850e-05
    88.00  3262.864    1.3612205300065541e-01    1.6954460317203732e-04
    89.00  3299.917    1.3611137987061739e-01    8.9890546225604063e-05
    90.00  3336.989    1.3611274289632430e-01    1.1250863103241676e-04
    91.00  3374.041    1.3612294176388606e-01    1.6457119220830458e-04
    92.00  3411.151    1.3612137613040079e-01    1.6412699097256820e-04
    93.00  3448.218    1.3611019179248024e-01    6.8049397538911714e-05
    94.00  3485.263    1.3610766967665947e-01    9.4312385706492855e-05
    95.00  3522.335    1.3611155945551925e-01    1.2345678067762474e-04
    96.00  3559.387    1.3611067320102624e-01    8.5610302259440650e-05
    97.00  3596.431    1.3610659315629806e-01    8.2501627988087830e-05
    98.00  3633.496    1.3610439608772476e-01    6.1819402443873757e-05
    99.00  3670.547    1.3610435511723085e-01    6.1721539247294808e-05
   100.00  3707.605    1.3610743715998955e-01    7.3534161739676290e-05
   101.00  3744.673    1.3610561205895627e-01    7.6988275162858660e-05
   102.00  3781.772    1.3610097931446283e-01    5.9841590550747781e-05
   103.00  3818.836    1.3610391182238316e-01    8.5564501432768337e-05
   104.00  3856.015    1.3610158621357119e-01    8.6980095134215905e-05
   105.00  3893.084    1.3610619216985728e-01    9.4695460641362091e-05
   106.00  3930.143    1.3609936905706196e-01    9.0874883411291613e-05
   107.00  3967.194    1.3611818395770744e-01    1.8106174965587529e-04
   108.00  4004.242    1.3609730349117621e-01    7.8517350821518083e-05
   109.00  4041.305    1.3609599188546467e-01    9.1465004114715858e-05
   110.00  4078.362    1.3609613050541836e-01    6.8205390849804942e-05
   111.00  4115.416    1.3609350038347598e-01    6.9086129460778248e-05
   112.00  4152.480    1.3609312679126429e-01    6.8531885427069471e-05
   113.00  4189.564    1.3609230468759234e-01    6.7486468305304282e-05
   114.00  4226.618    1.3609240061545333e-01    5.8638084007287905e-05
   115.00  4263.676    1.3609234291643191e-01    6.7769718918532379e-05
   116.00  4300.770    1.3609440811937829e-01    9.6202706085295577e-05
   117.00  4337.926    1.3610041103641454e-01    1.3986641323722094e-04
   118.00  4375.000    1.3608965018590247e-01    5.5453866715303164e-05
   119.00  4412.052    1.3609078534157751e-01    8.1886359769566740e-05
   120.00  4449.098    1.3609001624369915e-01    7.2232914646727249e-05
   121.00  4486.178    1.3609158822639439e-01    9.1197075157996432e-05
   122.00  4523.233    1.3609073022130541e-01    8.8993227921859398e-05
   123.00  4560.299    1.3609046929927243e-01    7.4222746285672916e-05
   124.00  4597.351    1.3608931253358841e-01    5.3625562148014305e-05
   125.00  4634.426    1.3609164224505502e-01    6.3178232287762305e-05
   126.00  4671.487    1.3609297685225441e-01    9.9756003489157556e-05
   127.00  4708.551    1.3608783438794161e-01    6.8938866397780975e-05
   128.00  4745.608    1.3608984932303403e-01    9.2142992204503034e-05
   129.00  4782.688    1.3608762692256374e-01    7.6568328108900810e-05
   130.00  4819.744    1.3608615973596391e-01    9.3433841923811292e-05
   131.00  4856.781    1.3608366432595417e-01    6.8156519162503883e-05
   132.00  4893.847    1.3608278035334267e-01    6.1867871555969345e-05
   133.00  4930.930    1.3608128507687051e-01    7.4293570328271523e-05
   134.00  4967.994    1.3607929245625885e-01    4.9126181599401746e-05
   135.00  5005.058    1.3607950694676987e-01    7.1142341228102758e-05
   136.00  5042.139    1.3608215463022902e-01    8.4359797028871772e-05
   137.00  5079.193    1.3608092222453641e-01    6.0595331039995477e-05
   138.00  5116.274    1.3608109067446289e-01    7.2012679161535538e-05
   139.00  5153.332    1.3608012702778427e-01    6.5066140238729256e-05
   140.00  5190.392    1.3608102117170606e-01    1.1031561339052407e-04
   141.00  5227.483    1.3607906505613906e-01    7.6370674122447130e-05
   142.00  5264.538    1.3608252386131864e-01    1.1666481772337920e-04
   143.00  5301.588    1.3607728227810276e-01    4.7171634800062653e-05
   144.00  5338.640    1.3607866335725524e-01    6.0778376079448263e-05
   145.00  5375.700    1.3607951085905481e-01    5.5320160953208964e-05
   146.00  5412.752    1.3608124910734673e-01    7.1364218346800780e-05
   147.00  5449.899    1.3608049235771652e-01    6.6207867006980856e-05
   148.00  5486.976    1.3608019639526606e-01    8.8706257118967624e-05
   149.00  5524.203    1.3607925486185612e-01    8.2664878392884179e-05
   150.00  5561.269    1.3608159076930296e-01    1.3297339035770744e-04
   151.00  5598.335    1.3607618406703725e-01    6.8189610376822321e-05
   152.00  5635.402    1.3607765334434785e-01    7.3293425393155398e-05
   153.00  5672.478    1.3607855656316734e-01    8.6897380606015595e-05
   154.00  5709.527    1.3608003722631271e-01    1.0700586285597329e-04
   155.00  5746.613    1.3607350844822197e-01    6.7245323350787224e-05
   156.00  5783.697    1.3607025964190350e-01    3.7102894463964279e-05
   157.00  5820.782    1.3608716374658156e-01    1.7917649045074143e-04
   158.00  5857.858    1.3607240952501118e-01    6.8744995254728082e-05
   159.00  5894.952    1.3606803932899716e-01    5.6720707807774332e-05
   160.00  5932.023    1.3606868540890510e-01    5.3269728489987756e-05
   161.00  5969.107    1.3606887327512157e-01    7.5188770006802229e-05
   162.00  6006.189    1.3607085248760814e-01    8.9297720123124755e-05
   163.00  6043.272    1.3606709345116380e-01    5.1228149506747414e-05
   164.00  6080.376    1.3606658012405312e-01    3.8086081885047375e-05
   165.00  6117.482    1.3607192297428464e-01    9.5500583188965846e-05
   166.00  6154.571    1.3606659580909689e-01    4.9100461610620877e-05
   167.00  6191.674    1.3606855166175535e-01    6.7570761596864911e-05
   168.00  6228.766    1.3606951706909398e-01    8.0750020934349399e-05
   169.00  6265.846    1.3606723685025979e-01    7.7162186721592212e-05
   170.00  6302.926    1.3606448416119227e-01    6.0586231790309927e-05
   171.00  6339.994    1.3606277249097731e-01    5.1562408748022922e-05
   172.00  6377.098    1.3606215881360317e-01    5.5554371649106872e-05
   173.00  6414.160    1.3606559278722305e-01    8.2691238405720565e-05
   174.00  6451.244    1.3606409573300446e-01    6.6270526035621191e-05
   175.00  6488.329    1.3606435995613328e-01    6.4235016249924472e-05
   176.00  6525.392    1.3606234480955831e-01    6.8730491118400018e-05
   177.00  6562.444    1.3606928180890770e-01    1.0366946676238650e-04
   178.00  6599.510    1.3606102359535810e-01    5.8450365564990454e-05
   179.00  6636.585    1.3606072926606971e-01    7.0569580682380267e-05
   180.00  6673.691    1.3606214716379098e-01    7.8706331524032729e-05
   181.00  6710.772    1.3606037917413019e-01    5.2501624958615340e-05
   182.00  6747.850    1.3605998837549366e-01    6.5644492990382645e-05
   183.00  6784.905    1.3606463432507687e-01    1.1175301288950991e-04
   184.00  6821.976    1.3605767753677137e-01    5.3100414046252840e-05
