    epoch   elapsed                       val                 norm_grad
     0.00     0.000    6.9314718055858948e-01    4.8298395896736979e-01
     1.00     0.066    1.9576251129201563e-01    8.5415895328332381e-03
     2.00     0.130    9.9516276884140567e-02    6.9506985015211770e-03
     3.00     0.194    4.8271994026310723e-02    4.6563711212376235e-03
     4.00     0.259    2.0462284022500561e-02    1.8808789101284473e-03
     5.00     0.324    2.0993322278880643e-02    3.9577782117774518e-03
     6.00     0.388    1.9702548988406510e-02    3.4684280624709407e-03
     7.00     0.452    1.8073295016418838e-02    1.7216179398746867e-03
     8.00     0.516    1.6702897948748973e-02    1.1997889826949049e-03
     9.00     0.581    1.5836259547841857e-02    8.8788843624776348e-04
    10.00     0.646    1.5203753707748523e-02    1.8769320131273304e-04
    11.00     0.710    1.4817396075366371e-02    1.4772438474641714e-04
    12.00     0.776    1.4518270526347665e-02    2.3481423248394862e-04
    13.00     0.841    1.4273567041110746e-02    1.3248869780993489e-04
    14.00     0.905    1.4083438798742364e-02    1.7122527354374029e-04
    15.00     0.970    1.3932959115349936e-02    1.1134071435211362e-04
    16.00     1.035    1.3814106639071568e-02    1.4697756638604176e-04
    17.00     1.099    1.3715535279147305e-02    9.3916281838246629e-05
    18.00     1.164    1.3633772918150076e-02    9.2591620774129524e-05
    19.00     1.228    1.3565270952074507e-02    8.0080962338968664e-05
    20.00     1.293    1.3506840091679559e-02    9.4997186433687375e-05
    21.00     1.358    1.3455441474140075e-02    7.0418514520022985e-05
    22.00     1.422    1.3411202128967625e-02    7.0244319982037950e-05
    23.00     1.486    1.3372544075220601e-02    7.8232941967293357e-05
    24.00     1.551    1.3337530805509000e-02    6.4207250722425613e-05
    25.00     1.616    1.3305924370815713e-02    6.9062191391466854e-05
    26.00     1.681    1.3276694043138540e-02    6.9661922195152215e-05
    27.00     1.745    1.3249422164796671e-02    5.9646000942770172e-05
    28.00     1.810    1.3223735822485556e-02    7.8234226019269215e-05
    29.00     1.874    1.3199487593064737e-02    6.0303152424445727e-05
    30.00     1.939    1.3176554152204908e-02    7.5270227969603809e-05
    31.00     2.003    1.3155421526750340e-02    5.9295841781548120e-05
    32.00     2.068    1.3135205692339457e-02    6.4612400302088702e-05
    33.00     2.133    1.3115859433935092e-02    6.9768762953614782e-05
    34.00     2.198    1.3097300433611025e-02    6.0553029850751727e-05
    35.00     2.263    1.3079468715710469e-02    7.0541204322260853e-05
    36.00     2.328    1.3062308765751957e-02    6.5548281794391983e-05
    37.00     2.392    1.3045772870871501e-02    6.1730734352671845e-05
    38.00     2.457    1.3029820449069812e-02    6.6382835055556200e-05
    39.00     2.522    1.3014426477238479e-02    5.6802353328500033e-05
    40.00     2.588    1.2999537211174870e-02    6.6357391841798119e-05
    41.00     2.653    1.2985129645279753e-02    5.9617727417027311e-05
    42.00     2.718    1.2971172556895815e-02    6.1206856029727419e-05
    43.00     2.782    1.2957638797336595e-02    5.9174288908003803e-05
    44.00     2.848    1.2944548415613533e-02    6.1487223366185617e-05
    45.00     2.913    1.2931909931315134e-02    5.8217737141319503e-05
    46.00     2.978    1.2919645956515936e-02    5.9497966671706592e-05
    47.00     3.043    1.2907735916069970e-02    5.8848015910051288e-05
    48.00     3.107    1.2896161153573811e-02    5.9277549254943551e-05
    49.00     3.171    1.2884897719529555e-02    5.8455655956635155e-05
    50.00     3.236    1.2873941051318677e-02    5.7160352835872175e-05
    51.00     3.301    1.2863280776025967e-02    5.1652066871632485e-05
    52.00     3.366    1.2852928230564208e-02    5.7793636734970733e-05
    53.00     3.431    1.2842924704429702e-02    5.4603872653657959e-05
    54.00     3.496    1.2833166797521191e-02    5.6926494625741952e-05
    55.00     3.561    1.2823631359258124e-02    5.0999031969922726e-05
    56.00     3.625    1.2814309940651350e-02    5.2707775219928976e-05
    57.00     3.690    1.2805217663433590e-02    5.3237360431168668e-05
    58.00     3.756    1.2796359449275499e-02    5.0714631070647442e-05
    59.00     3.820    1.2787718288321809e-02    5.4590182138269938e-05
    60.00     3.885    1.2779275186746805e-02    5.2073754773118708e-05
    61.00     3.950    1.2771263763683234e-02    4.9302573808418515e-05
    62.00     4.014    1.2763496127685653e-02    5.1387526061930089e-05
    63.00     4.079    1.2755891904190455e-02    4.9217418382596634e-05
    64.00     4.144    1.2748441641402576e-02    4.7894735377695952e-05
    65.00     4.207    1.2741137660056563e-02    4.7339413288938204e-05
    66.00     4.270    1.2733972407537703e-02    4.8890528612233197e-05
    67.00     4.333    1.2726940002058455e-02    4.7699921966071201e-05
    68.00     4.397    1.2720037587978895e-02    4.7052748207931927e-05
    69.00     4.460    1.2713258443389398e-02    4.7706419195492344e-05
    70.00     4.523    1.2707136896607038e-02    4.4299373881173665e-05
    71.00     4.586    1.2701145026711200e-02    4.8202647496609075e-05
    72.00     4.649    1.2695266221250074e-02    4.2087392651879441e-05
    73.00     4.712    1.2689490549018596e-02    4.6406884546712490e-05
    74.00     4.775    1.2683822496500300e-02    4.3059055032657056e-05
    75.00     4.837    1.2678252641856139e-02    4.4899388832675413e-05
    76.00     4.905    1.2672781368781623e-02    4.4165543508611904e-05
    77.00     4.973    1.2667405202836336e-02    4.2722638964320936e-05
    78.00     5.042    1.2662120027771433e-02    4.5228105872041624e-05
    79.00     5.110    1.2656924153331825e-02    4.0607168187989373e-05
    80.00     5.178    1.2651814769948895e-02    4.3205212282515504e-05
    81.00     5.246    1.2646790108419686e-02    4.2262577736096318e-05
    82.00     5.314    1.2641845398834785e-02    4.1958666757935248e-05
    83.00     5.382    1.2636976996457244e-02    4.0873288229548166e-05
    84.00     5.450    1.2632186028282366e-02    4.1809952579185961e-05
    85.00     5.518    1.2627467918257992e-02    4.0894336674313081e-05
    86.00     5.587    1.2622819811016516e-02    4.2259263834054650e-05
    87.00     5.655    1.2618238509191203e-02    3.9811907011966241e-05
    88.00     5.723    1.2613724258607810e-02    3.9977180646744159e-05
    89.00     5.791    1.2609274501858314e-02    3.9773060267478400e-05
    90.00     5.859    1.2604889783129522e-02    4.0601651736693611e-05
    91.00     5.927    1.2600564948462806e-02    3.9441598472578221e-05
    92.00     5.995    1.2596301948811674e-02    3.7931982138417197e-05
    93.00     6.063    1.2592095906716479e-02    3.9516223848679033e-05
    94.00     6.132    1.2587945416371623e-02    3.7779194727249887e-05
    95.00     6.200    1.2583850180458111e-02    3.8311049753048110e-05
    96.00     6.268    1.2579844766213603e-02    3.9167489166658243e-05
    97.00     6.336    1.2576110551232375e-02    3.4273609111679093e-05
    98.00     6.403    1.2572464868343394e-02    3.8613724724356757e-05
    99.00     6.471    1.2568869984382506e-02    3.4728844715559148e-05
   100.00     6.539    1.2565364657198890e-02    3.5949941448620848e-05
   101.00     6.608    1.2561944296146354e-02    3.6772195507239758e-05
   102.00     6.676    1.2558576056712749e-02    3.4717317497268141e-05
   103.00     6.745    1.2555256471594271e-02    3.6441198034253830e-05
   104.00     6.810    1.2551982234294767e-02    3.4375633646277493e-05
   105.00     6.871    1.2548750612614196e-02    3.4658636550943811e-05
   106.00     6.930    1.2545561689467310e-02    3.4848086761130048e-05
   107.00     6.989    1.2542414986649332e-02    3.4325280378055822e-05
   108.00     7.048    1.2539308909399425e-02    3.4569171454279513e-05
   109.00     7.108    1.2536242046671401e-02    3.4729968538371736e-05
   110.00     7.168    1.2533212768481891e-02    3.4471446857864407e-05
   111.00     7.228    1.2530221034511306e-02    3.4074023806951459e-05
   112.00     7.288    1.2527265359881702e-02    3.3423969281187738e-05
   113.00     7.347    1.2524343732655568e-02    3.3901577626949120e-05
   114.00     7.406    1.2521456404275152e-02    3.2337698952389360e-05
   115.00     7.465    1.2518601995562739e-02    3.3873427591757377e-05
   116.00     7.524    1.2515779841852948e-02    3.1836782689254051e-05
   117.00     7.583    1.2512989901412402e-02    3.3790151652723921e-05
   118.00     7.642    1.2510230585268527e-02    3.1921594541017839e-05
   119.00     7.701    1.2507504334898117e-02    3.0678171823339540e-05
   120.00     7.761    1.2504813764795638e-02    3.3724483870400945e-05
   121.00     7.820    1.2502151376576046e-02    3.0581073078295162e-05
   122.00     7.879    1.2499517600424467e-02    3.2256076202941131e-05
   123.00     7.938    1.2496911509148851e-02    3.1390342297044072e-05
   124.00     7.997    1.2494355254532904e-02    3.1402100658439736e-05
   125.00     8.056    1.2491834762887035e-02    3.0436677763034936e-05
   126.00     8.115    1.2489342784426694e-02    3.1787120246207223e-05
   127.00     8.175    1.2486879728389733e-02    3.0473515339579649e-05
   128.00     8.234    1.2484445349116304e-02    3.0106107198335508e-05
   129.00     8.288    1.2482038044009181e-02    3.0488146443019559e-05
   130.00     8.343    1.2479657796203135e-02    2.9852076638192671e-05
   131.00     8.397    1.2477302802236820e-02    2.9587367297523315e-05
   132.00     8.452    1.2474972273864439e-02    2.9923427378619749e-05
   133.00     8.506    1.2472666307506534e-02    2.9761597062361034e-05
   134.00     8.560    1.2470384224584805e-02    2.8235254786679320e-05
   135.00     8.615    1.2468148221382692e-02    3.2088564484666904e-05
   136.00     8.670    1.2465950034661534e-02    2.8135964422304482e-05
   137.00     8.724    1.2463775932272462e-02    2.8973937711285203e-05
   138.00     8.778    1.2461623874196439e-02    2.8607621462839461e-05
   139.00     8.833    1.2459492877921014e-02    2.8624492980355853e-05
   140.00     8.887    1.2457382195595758e-02    2.8352044639134988e-05
   141.00     8.942    1.2455291372921579e-02    2.8787471263669318e-05
   142.00     8.996    1.2453219716673257e-02    2.7799660564653550e-05
   143.00     9.050    1.2451166783867214e-02    2.8667553918282351e-05
   144.00     9.104    1.2449131819044279e-02    2.7627654846540395e-05
   145.00     9.158    1.2447115340102958e-02    2.8197317028855196e-05
   146.00     9.213    1.2445116730085090e-02    2.7467709088568881e-05
   147.00     9.266    1.2443135306204507e-02    2.6899478928754661e-05
   148.00     9.320    1.2441170601905978e-02    2.7434974136042456e-05
   149.00     9.375    1.2439222897961301e-02    2.6385328570910360e-05
   150.00     9.429    1.2437291195078151e-02    2.7979541894040949e-05
   151.00     9.483    1.2435374921819781e-02    2.6446001747615355e-05
   152.00     9.537    1.2433474689433300e-02    2.7428751433689058e-05
   153.00     9.591    1.2431589502079484e-02    2.5634475528946155e-05
   154.00     9.646    1.2429718948175853e-02    2.6572696375737337e-05
   155.00     9.700    1.2427863619631720e-02    2.6478706789845319e-05
   156.00     9.754    1.2426022930469719e-02    2.6032878611914612e-05
   157.00     9.808    1.2424196291058866e-02    2.5771901501769889e-05
   158.00     9.862    1.2422383222317519e-02    2.5916098730149884e-05
   159.00     9.917    1.2420583534018105e-02    2.6067759263170842e-05
   160.00     9.970    1.2418797503293135e-02    2.5808041590025255e-05
   161.00    10.024    1.2417024839912930e-02    2.5704906388313020e-05
   162.00    10.078    1.2415265118608862e-02    2.5151759810881913e-05
   163.00    10.133    1.2413518104642172e-02    2.6245925521806157e-05
   164.00    10.187    1.2411783160936539e-02    2.5756968248913381e-05
   165.00    10.241    1.2410060761910539e-02    2.4716191823870304e-05
   166.00    10.295    1.2408350299496503e-02    2.5419850610219896e-05
   167.00    10.350    1.2406651439213953e-02    2.5040753740768196e-05
   168.00    10.404    1.2404963911599301e-02    2.4473642644906590e-05
   169.00    10.458    1.2403288063459491e-02    2.5371854924571835e-05
   170.00    10.512    1.2401623216217662e-02    2.4397345248061697e-05
   171.00    10.567    1.2399969377884080e-02    2.4620415318921118e-05
   172.00    10.621    1.2398326304968371e-02    2.4673652404771929e-05
   173.00    10.675    1.2396693903429444e-02    2.3983886169531843e-05
   174.00    10.729    1.2395071771091483e-02    2.4528334877871316e-05
   175.00    10.783    1.2393464477464139e-02    2.4601281934266694e-05
   176.00    10.838    1.2391867408760785e-02    2.3519322251530639e-05
   177.00    10.893    1.2390280319768189e-02    2.4469564829487922e-05
   178.00    10.947    1.2388703152869666e-02    2.3450722480333752e-05
   179.00    11.001    1.2387135866306563e-02    2.4229749836734982e-05
   180.00    11.055    1.2385578121787972e-02    2.3770140648693427e-05
   181.00    11.110    1.2384030070315957e-02    2.3279603542647465e-05
   182.00    11.164    1.2382491346772887e-02    2.3830058232476858e-05
   183.00    11.219    1.2380961883061882e-02    2.3974031917006755e-05
   184.00    11.274    1.2379441551148203e-02    2.3253159541880564e-05
   185.00    11.329    1.2377930159257694e-02    2.3583490255774109e-05
   186.00    11.382    1.2376427648038748e-02    2.2790439111020078e-05
   187.00    11.437    1.2374933715763347e-02    2.3494368404541888e-05
   188.00    11.491    1.2373448345104093e-02    2.3146739190238463e-05
   189.00    11.546    1.2371971795022212e-02    2.3323093293114994e-05
   190.00    11.600    1.2370503504432208e-02    2.3284391597044873e-05
   191.00    11.655    1.2369043383454183e-02    2.2820115114896566e-05
   192.00    11.709    1.2367592131391433e-02    2.2722737902824974e-05
   193.00    11.764    1.2366149421309994e-02    2.2530331682091287e-05
   194.00    11.819    1.2364714774563400e-02    2.2853123411437082e-05
   195.00    11.873    1.2363288109541848e-02    2.2195889046727757e-05
   196.00    11.927    1.2361869269744852e-02    2.2632422558288567e-05
   197.00    11.981    1.2360458159146843e-02    2.2142514026768367e-05
   198.00    12.036    1.2359054863897309e-02    2.2750062811383032e-05
   199.00    12.090    1.2357658971200464e-02    2.1923391530620506e-05
   200.00    12.145    1.2356270477027354e-02    2.2250878943808061e-05
   201.00    12.198    1.2354889387116898e-02    2.2161080794447230e-05
   202.00    12.253    1.2353515760994405e-02    2.1489515507511214e-05
   203.00    12.307    1.2352149109142065e-02    2.2250914506471986e-05
   204.00    12.361    1.2350789712123795e-02    2.1842540546046507e-05
   205.00    12.416    1.2349437334372007e-02    2.1730044057477471e-05
   206.00    12.471    1.2348092033176602e-02    2.1940003714249201e-05
   207.00    12.526    1.2346753586196560e-02    2.1483779249820145e-05
   208.01    12.580    1.2345421840101041e-02    2.1586143233776056e-05
   209.01    12.634    1.2344096922382542e-02    2.1652558753970652e-05
   210.01    12.688    1.2342778691952260e-02    2.1099875475272256e-05
   211.01    12.742    1.2341466870008731e-02    2.1704102167063866e-05
   212.01    12.797    1.2340161637978860e-02    2.1082218507828543e-05
   213.01    12.852    1.2338862884936611e-02    2.1431664929849603e-05
   214.01    12.907    1.2337570367195698e-02    2.1245083955179211e-05
   215.01    12.962    1.2336284335822161e-02    2.0998281247130990e-05
   216.01    13.017    1.2335004529696615e-02    2.1329539670489339e-05
   217.01    13.072    1.2333730680364877e-02    2.0904574220992345e-05
   218.01    13.126    1.2332463138892743e-02    2.1219103636838099e-05
   219.01    13.181    1.2331201640194727e-02    2.0432567790606981e-05
   220.01    13.235    1.2329946242200329e-02    2.1189953153921692e-05
   221.01    13.289    1.2328696813402415e-02    2.0702443935149972e-05
   222.01    13.344    1.2327453252286385e-02    2.0659443672244038e-05
   223.01    13.399    1.2326215504377675e-02    2.0897037954270559e-05
   224.01    13.454    1.2324983679078770e-02    1.9907695497423106e-05
   225.01    13.508    1.2323757416164746e-02    2.1207097832487420e-05
   226.01    13.562    1.2322536478449584e-02    1.9905658184882213e-05
   227.01    13.617    1.2321321312962739e-02    2.0563307932874864e-05
   228.01    13.671    1.2320111658884548e-02    2.0269491265878514e-05
   229.01    13.726    1.2318907645896817e-02    2.0043319082674316e-05
   230.01    13.779    1.2317708899237591e-02    2.0374267217349029e-05
   231.01    13.834    1.2316515573240587e-02    1.9745692336314846e-05
   232.01    13.888    1.2315327598865847e-02    2.0367072652405227e-05
   233.01    13.943    1.2314144820396389e-02    1.9798051516417559e-05
   234.01    13.996    1.2312967242247664e-02    1.9988175781193718e-05
   235.01    14.050    1.2311794820864402e-02    1.9997017682626961e-05
   236.01    14.105    1.2310627443788824e-02    1.9769138210889992e-05
   237.01    14.159    1.2309465299542615e-02    1.9904936069181645e-05
   238.01    14.213    1.2308308131157309e-02    1.9330497920577727e-05
   239.01    14.268    1.2307155980384179e-02    1.9753583666570762e-05
   240.01    14.322    1.2306008798234597e-02    1.9498700526199286e-05
   241.01    14.377    1.2304866157406200e-02    1.9722392332610639e-05
   242.01    14.431    1.2303728525987545e-02    1.9051621606536173e-05
   243.01    14.486    1.2302595769696594e-02    1.9767660896619077e-05
   244.01    14.540    1.2301467779188386e-02    1.9171427693365217e-05
   245.01    14.595    1.2300344602775147e-02    1.9428684062461343e-05
   246.01    14.649    1.2299225971314158e-02    1.8964389770559364e-05
   247.01    14.704    1.2298112088903228e-02    1.9261188974439847e-05
   248.01    14.759    1.2297002824704558e-02    1.9339519443661857e-05
   249.01    14.813    1.2295897972924186e-02    1.8899225752377902e-05
   250.01    14.868    1.2294797623523708e-02    1.9007582245933463e-05
   251.01    14.923    1.2293701976880452e-02    1.8783885696649349e-05
   252.01    14.977    1.2292610670550595e-02    1.9134950196786349e-05
   253.01    15.032    1.2291523815907614e-02    1.8829757143734582e-05
   254.01    15.086    1.2290441336600698e-02    1.9203946109769277e-05
   255.01    15.140    1.2289363176546502e-02    1.8268101431573314e-05
   256.01    15.193    1.2288289212430935e-02    1.9118309381838117e-05
   257.01    15.248    1.2287219547025049e-02    1.8403020160207006e-05
   258.01    15.302    1.2286154134722982e-02    1.8821750376929458e-05
   259.01    15.357    1.2285092784350362e-02    1.8532882668509387e-05
   260.01    15.411    1.2284035842924005e-02    1.8247826417905344e-05
   261.01    15.465    1.2282982907338454e-02    1.8565819486227042e-05
   262.01    15.520    1.2281934124761850e-02    1.8395411515825799e-05
   263.01    15.574    1.2280889499645163e-02    1.8402208803891540e-05
   264.01    15.629    1.2279884738136706e-02    1.5751237095074089e-05
   265.01    15.683    1.2279088399102880e-02    1.8576258511870947e-05
   266.01    15.738    1.2278298835035275e-02    1.8486261788908109e-05
   267.01    15.793    1.2277514643018248e-02    1.6530840943218550e-05
   268.01    15.847    1.2276734905695036e-02    1.7893307944660819e-05
   269.01    15.902    1.2275960489936120e-02    1.7707955747070514e-05
   270.01    15.956    1.2275190848051263e-02    1.7221135832912182e-05
   271.01    16.011    1.2274426014694346e-02    1.7783677202842796e-05
   272.01    16.066    1.2273665547899710e-02    1.7012286390283293e-05
   273.01    16.120    1.2272909595855213e-02    1.7090688087861849e-05
   274.01    16.174    1.2272158160784273e-02    1.6779315080484025e-05
   275.01    16.229    1.2271411089735548e-02    1.6808615402652549e-05
   276.01    16.283    1.2270668276965215e-02    1.6627492254173148e-05
   277.01    16.338    1.2269929640796713e-02    1.6997186467193615e-05
   278.01    16.392    1.2269195087374819e-02    1.6465862223924432e-05
   279.01    16.447    1.2268464478295583e-02    1.6748367043462054e-05
   280.01    16.501    1.2267738046887649e-02    1.6591744062210978e-05
   281.01    16.556    1.2267015478075120e-02    1.6328456455383389e-05
   282.01    16.610    1.2266296972606290e-02    1.6674878375866342e-05
   283.01    16.664    1.2265582141363331e-02    1.6310506467220875e-05
   284.01    16.718    1.2264871253527154e-02    1.6200761935536434e-05
   285.01    16.773    1.2264164096063984e-02    1.6116679233846298e-05
   286.01    16.828    1.2263460579521946e-02    1.6349425294492903e-05
   287.01    16.882    1.2262760614105731e-02    1.5718025228039778e-05
   288.01    16.937    1.2262064284266804e-02    1.6281185551747512e-05
   289.01    16.991    1.2261371497761435e-02    1.5790455723418972e-05
   290.01    17.046    1.2260682224210576e-02    1.5780138966192681e-05
   291.01    17.100    1.2259996293512418e-02    1.5533288568292392e-05
   292.01    17.155    1.2259313896032808e-02    1.5499426574194786e-05
   293.01    17.209    1.2258634853370247e-02    1.5616261144657528e-05
   294.01    17.264    1.2257959062028664e-02    1.5439677749640168e-05
   295.01    17.317    1.2257286668442649e-02    1.5344423683671948e-05
   296.01    17.372    1.2256617526201405e-02    1.5444969843514400e-05
   297.01    17.427    1.2255951603600480e-02    1.5260793961857644e-05
   298.01    17.481    1.2255288793825047e-02    1.5272384452202914e-05
   299.01    17.535    1.2254629012330449e-02    1.5125768758394997e-05
   300.01    17.589    1.2253972429787638e-02    1.4884400982850821e-05
   301.01    17.644    1.2253318867387834e-02    1.5164897391173326e-05
   302.01    17.699    1.2252668295336758e-02    1.4944497856106409e-05
   303.01    17.754    1.2252020690822311e-02    1.4863064105696822e-05
   304.01    17.809    1.2251376001904759e-02    1.4988561222395447e-05
   305.01    17.863    1.2250734319124492e-02    1.4656980642513417e-05
   306.01    17.918    1.2250095533551863e-02    1.4898934889373550e-05
   307.01    17.973    1.2249459619055689e-02    1.4409169434514979e-05
   308.01    18.027    1.2248826632119644e-02    1.4626342366597100e-05
   309.01    18.082    1.2248196445345539e-02    1.4389418627303030e-05
   310.01    18.137    1.2247569011313589e-02    1.4473316628738075e-05
   311.01    18.191    1.2246944246199550e-02    1.4713383297504379e-05
   312.01    18.246    1.2246322148568183e-02    1.4374444464948510e-05
   313.01    18.301    1.2245702821053436e-02    1.4265913147681886e-05
   314.01    18.355    1.2245086146170741e-02    1.4168022595129059e-05
   315.01    18.410    1.2244472163441522e-02    1.4166645858182392e-05
   316.01    18.465    1.2243860795109815e-02    1.4247675316880759e-05
   317.01    18.519    1.2243251951596730e-02    1.4040804749981817e-05
   318.01    18.574    1.2242645668600397e-02    1.4283450141761023e-05
   319.01    18.628    1.2242041932738526e-02    1.3982196563233629e-05
   320.01    18.683    1.2241440731610891e-02    1.4126834802397070e-05
   321.01    18.738    1.2240841994060812e-02    1.3773861276433763e-05
   322.01    18.793    1.2240245690307527e-02    1.3668151822798791e-05
   323.01    18.848    1.2239651824987194e-02    1.3735768284561800e-05
   324.01    18.902    1.2239060352699706e-02    1.3613575973181469e-05
   325.01    18.957    1.2238471231906627e-02    1.3772129442202186e-05
   326.01    19.012    1.2237884515685372e-02    1.3527548304637094e-05
   327.01    19.067    1.2237300038323583e-02    1.3404469779487727e-05
   328.01    19.122    1.2236718019264346e-02    1.3593156864999401e-05
   329.01    19.177    1.2236138300647872e-02    1.3518257969025171e-05
   330.01    19.232    1.2235560837096921e-02    1.3618234472545510e-05
   331.01    19.287    1.2234985628306955e-02    1.3647877029399069e-05
   332.01    19.343    1.2234412705511219e-02    1.2952236986052412e-05
   333.01    19.398    1.2233841924291292e-02    1.3672636924866310e-05
   334.01    19.454    1.2233273362012586e-02    1.3330520800991508e-05
   335.01    19.509    1.2232707010273534e-02    1.2963642888053073e-05
   336.01    19.564    1.2232142810877056e-02    1.3133729670045113e-05
   337.01    19.619    1.2231580842732893e-02    1.3252651164918916e-05
   338.01    19.673    1.2231021001880199e-02    1.3267351892665147e-05
   339.01    19.728    1.2230463258210287e-02    1.2869497357570481e-05
   340.01    19.783    1.2229907611202014e-02    1.3207784650859367e-05
   341.01    19.838    1.2229354036430369e-02    1.2567936249041622e-05
   342.01    19.893    1.2228802491853683e-02    1.3056673353162296e-05
   343.01    19.948    1.2228252999354783e-02    1.3018407795328812e-05
   344.01    20.003    1.2227705558036910e-02    1.2871876510445190e-05
   345.01    20.057    1.2227163323737271e-02    1.2377720018719174e-05
   346.01    20.113    1.2226623243329479e-02    1.2828556755550835e-05
   347.01    20.167    1.2226085352082363e-02    1.2549118370230872e-05
   348.01    20.222    1.2225549584852611e-02    1.2560855896737166e-05
   349.01    20.278    1.2225015900634618e-02    1.2663751370212140e-05
   350.01    20.333    1.2224484904272706e-02    1.2435865400561852e-05
   351.01    20.386    1.2223956062926280e-02    1.2429726247376038e-05
   352.01    20.441    1.2223429249151131e-02    1.2441092447801338e-05
   353.01    20.496    1.2222904455942159e-02    1.2376721009843550e-05
   354.01    20.552    1.2222381650480910e-02    1.2202931461757771e-05
   355.01    20.606    1.2221860823283713e-02    1.2600530041595448e-05
   356.01    20.661    1.2221341881109266e-02    1.2114673179297597e-05
   357.01    20.716    1.2220824873315829e-02    1.2022710414782978e-05
   358.01    20.771    1.2220309809832883e-02    1.2227046674695430e-05
   359.01    20.826    1.2219796677446083e-02    1.2056472662891338e-05
   360.01    20.881    1.2219285419717632e-02    1.1949522939147528e-05
   361.01    20.936    1.2218776032575152e-02    1.2337338365142614e-05
   362.01    20.990    1.2218268454932773e-02    1.2160399336380578e-05
   363.01    21.045    1.2217762754133261e-02    1.1881566937432808e-05
   364.01    21.099    1.2217258870017038e-02    1.2117828958935206e-05
   365.01    21.154    1.2216756711486108e-02    1.2080181473805851e-05
   366.01    21.209    1.2216256416584942e-02    1.1867160583989289e-05
   367.01    21.263    1.2215757891818070e-02    1.1766007343538831e-05
   368.01    21.318    1.2215261097575628e-02    1.1733484544862449e-05
   369.01    21.372    1.2214766111677981e-02    1.1947009518564755e-05
   370.01    21.428    1.2214272846625945e-02    1.1606378294004571e-05
   371.01    21.481    1.2213781307961540e-02    1.1800622637281322e-05
   372.01    21.535    1.2213291445374214e-02    1.1668598439484867e-05
   373.01    21.590    1.2212803319191215e-02    1.1716558443453096e-05
   374.01    21.644    1.2212316866079303e-02    1.1647586802610022e-05
   375.01    21.698    1.2211832073963640e-02    1.1541610899001853e-05
   376.01    21.753    1.2211348921698657e-02    1.1422580016073880e-05
   377.01    21.808    1.2210867434128102e-02    1.1540049481340020e-05
   378.01    21.864    1.2210387563855335e-02    1.1521168900685552e-05
   379.01    21.919    1.2209909327171869e-02    1.1264856695447634e-05
   380.01    21.974    1.2209432755567094e-02    1.1327425255558410e-05
   381.01    22.029    1.2208957757653866e-02    1.1473943381190566e-05
   382.01    22.084    1.2208484357558592e-02    1.1284388612864404e-05
   383.01    22.140    1.2208012430227302e-02    1.1327180107656432e-05
   384.01    22.194    1.2207542133065494e-02    1.1097180003361018e-05
   385.01    22.249    1.2207073438272150e-02    1.1011646879666159e-05
   386.01    22.305    1.2206606317897847e-02    1.1205551434301242e-05
   387.01    22.360    1.2206140633825333e-02    1.1034972725809666e-05
   388.01    22.415    1.2205676529931717e-02    1.1024192353659146e-05
   389.01    22.470    1.2205213981937442e-02    1.1088588880880934e-05
   390.01    22.525    1.2204752945994947e-02    1.1004733433850333e-05
   391.01    22.580    1.2204293416076858e-02    1.0979415044687357e-05
   392.01    22.635    1.2203835330598229e-02    1.0963091014559723e-05
   393.01    22.689    1.2203378701716104e-02    1.0891590754624758e-05
   394.01    22.745    1.2202923586024306e-02    1.1001437510316237e-05
   395.01    22.799    1.2202469934510414e-02    1.0807809541546476e-05
   396.01    22.853    1.2202017692556855e-02    1.0841132386474328e-05
   397.01    22.908    1.2201566883925015e-02    1.0818770732612393e-05
   398.01    22.963    1.2201117455501276e-02    1.0831775686170886e-05
   399.01    23.018    1.2200669498948876e-02    1.0581392569264381e-05
   400.01    23.073    1.2200223017064396e-02    1.0421555405315530e-05
   401.01    23.128    1.2199777894114156e-02    1.0817628297132842e-05
   402.01    23.183    1.2199334206665934e-02    1.0622039848584564e-05
   403.01    23.237    1.2198891904091309e-02    1.0508414799659249e-05
   404.01    23.292    1.2198450963873489e-02    1.0577152398383305e-05
   405.01    23.345    1.2198011420600759e-02    1.0563863533263884e-05
   406.01    23.400    1.2197573228989214e-02    1.0497999735292751e-05
   407.01    23.455    1.2197136376067936e-02    1.0648142254154891e-05
   408.01    23.509    1.2196700878238972e-02    1.0337819677630478e-05
   409.01    23.564    1.2196266641281119e-02    1.0414794044066866e-05
   410.01    23.619    1.2195833807473541e-02    1.0537968520907270e-05
   411.01    23.673    1.2195402285058748e-02    1.0494483348111316e-05
   412.01    23.728    1.2194972000826745e-02    1.0501154086739461e-05
   413.01    23.783    1.2194543094833976e-02    1.0217278354929249e-05
   414.01    23.838    1.2194115486110052e-02    1.0144763159303238e-05
   415.01    23.892    1.2193689172338063e-02    1.0428061120393295e-05
   416.01    23.947    1.2193264101915029e-02    1.0171978946260651e-05
   417.01    24.001    1.2192840344724946e-02    1.0256970490729600e-05
   418.01    24.056    1.2192417846262725e-02    1.0077141901376763e-05
   419.01    24.110    1.2191996584038176e-02    1.0002739955439210e-05
   420.01    24.164    1.2191576572464304e-02    1.0163100654381196e-05
   421.01    24.219    1.2191157846972346e-02    9.8276157487475757e-06
   422.01    24.273    1.2190740290204838e-02    1.0075517700158798e-05
   423.01    24.328    1.2190324026057443e-02    1.0157032782842634e-05
   424.01    24.383    1.2189908967741641e-02    1.0002889801796755e-05
   425.01    24.437    1.2189495165331455e-02    1.0083364628599156e-05
   426.01    24.492    1.2189082565603150e-02    9.7585596741112113e-06
   427.01    24.547    1.2188671094145554e-02    9.9844992824671408e-06
   428.01    24.601    1.2188270086193180e-02    1.0448052485401149e-05
   429.01    24.656    1.2187872286223787e-02    1.0157014532552466e-05
   430.01    24.711    1.2187475742403595e-02    9.6352418381684402e-06
   431.01    24.764    1.2187080306387430e-02    9.8911473145335549e-06
   432.01    24.819    1.2186686062839654e-02    9.8152907064275041e-06
   433.01    24.874    1.2186292960095928e-02    9.6563265934435094e-06
   434.01    24.928    1.2185901009393279e-02    9.8625734921142794e-06
   435.01    24.983    1.2185510197005882e-02    9.7871271051985786e-06
   436.01    25.038    1.2185131242969311e-02    1.0339854412677596e-05
   437.01    25.093    1.2184754886240714e-02    1.0082154222601503e-05
   438.01    25.147    1.2184379750310493e-02    9.4262340688544555e-06
   439.01    25.201    1.2184005658749785e-02    9.9045924599749924e-06
   440.01    25.255    1.2183632748734541e-02    1.0109901115384901e-05
   441.01    25.310    1.2183260884908249e-02    9.5080935622604557e-06
   442.01    25.365    1.2182890151793205e-02    9.5910730273374156e-06
   443.01    25.420    1.2182520439947870e-02    9.6809532550423683e-06
   444.01    25.473    1.2182151845484301e-02    9.6362568129393367e-06
   445.01    25.527    1.2181784307739649e-02    9.5625377447561277e-06
   446.01    25.582    1.2181417818115325e-02    9.7073974849593014e-06
   447.01    25.637    1.2181052369141961e-02    9.4221574613584380e-06
   448.01    25.691    1.2180687964504881e-02    9.5422052766025445e-06
   449.01    25.746    1.2180324569656169e-02    9.6076203597306176e-06
   450.01    25.801    1.2179962232245803e-02    9.4588146950513874e-06
   451.01    25.856    1.2179600892848154e-02    9.5761203198208023e-06
   452.01    25.910    1.2179240562372403e-02    9.3598683541529226e-06
   453.01    25.965    1.2178881252038672e-02    9.2584223345681949e-06
   454.01    26.021    1.2178522914535731e-02    9.3970175285562618e-06
   455.01    26.076    1.2178165580968087e-02    9.4834677177857429e-06
   456.01    26.130    1.2177809241106639e-02    9.3666079727938722e-06
   457.01    26.186    1.2177453904479232e-02    9.0064858433436257e-06
   458.01    26.241    1.2177099512156819e-02    9.4788487743358019e-06
   459.01    26.296    1.2176746082592952e-02    9.3662697615570778e-06
   460.01    26.351    1.2176393584159622e-02    9.1654172607036344e-06
   461.01    26.404    1.2176042073820273e-02    9.0552433569257573e-06
   462.01    26.459    1.2175691503025957e-02    9.0598956639098560e-06
